STATIONS_ID;MESS_DATUM;QN_3;  FX;  FM;QN_4; RSK;RSKF; SDK;SHK_TAG;  NM; VPM;  PM; TMK; UPM; TXK; TNK; TGK;eor
       2564;20211211;   10;   8.3;   3.0;    3;   1.0;   6;-999;   0;   7.1;   7.1; 1007.61;    2.9;   93.25;    4.3;    1.0;   -1.3;eor
       2564;20211212;   10;   9.7;   4.1;    3;   3.3;   8;-999;   0;   7.2;   8.8; 1014.76;    5.3;   98.38;    8.1;    2.5;    2.4;eor
       2564;20211213;   10;   9.6;   3.3;    3;   1.3;   6;-999;   0;   7.8;  11.1; 1019.41;    9.0;   96.75;   10.2;    7.2;    6.8;eor
       2564;20211214;   10;   9.6;   3.8;    3;   0.3;   6;-999;   0;   7.5;  10.0; 1019.62;    7.6;   95.00;    8.8;    5.6;    2.6;eor
       2564;20211215;   10;  13.9;   6.4;    3;   0.0;   6;-999;   0;   7.5;  10.6; 1021.85;    9.2;   90.96;   10.4;    8.4;    7.4;eor
       2564;20211216;   10;  10.0;   4.6;    3;   0.0;   0;-999;   0;   5.8;   9.9; 1030.13;    7.3;   96.21;    9.0;    4.8;    4.3;eor
       2564;20211217;   10;   9.1;   4.2;    3;   0.6;   6;-999;   0;   7.8;   9.4; 1034.05;    6.2;   98.46;    7.8;    4.5;    4.5;eor
       2564;20211218;   10;  15.1;   5.1;    3;   0.1;   6;-999;   0;   6.3;   9.5; 1029.80;    7.2;   93.13;    9.2;    5.7;    4.9;eor
       2564;20211219;   10;  16.4;   5.8;    3;   0.0;   0;-999;   0;   4.8;   7.6; 1020.65;    6.2;   78.92;    8.5;    1.2;   -3.5;eor
       2564;20211220;   10;   5.6;   3.2;    3;   0.0;   0;-999;   0;   0.2;   5.4; 1023.25;    1.2;   81.46;    4.7;   -2.8;   -6.1;eor
       2564;20211221;   10;   6.3;   2.3;    3;   0.0;   0;-999;   0;   5.1;   5.2; 1022.66;   -0.4;   88.42;    3.0;   -4.6;   -7.7;eor
       2564;20211222;   10;   7.0;   3.4;    3;   0.0;   0;-999;   0;   7.8;   4.8; 1020.30;   -1.5;   88.71;   -0.1;   -3.2;   -4.0;eor
       2564;20211223;   10;   9.3;   2.9;    3;   9.7;   8;-999;   0;   7.5;   5.2; 1004.52;   -1.0;   90.50;    0.9;   -2.9;   -3.5;eor
       2564;20211224;   10;  13.4;   3.9;    3;   0.3;   8;-999;   2;   5.5;   5.1;  998.55;   -0.6;   83.54;    1.5;   -7.0;   -9.5;eor
       2564;20211225;   10;   5.9;   3.0;    3;   0.0;   0;-999;   2;   0.0;   3.2; 1009.55;   -5.6;   79.29;   -2.2;  -10.4;  -11.1;eor
       2564;20211226;   10;   7.0;   2.4;    3;   0.0;   0;-999;   2;   0.0;   2.7; 1009.60;   -4.2;   61.63;   -0.9;   -7.4;  -11.4;eor
       2564;20211227;   10;   8.6;   4.3;    3;   0.0;   6;-999;   2;   6.4;   3.9; 1001.42;   -2.7;   75.75;    0.8;   -5.6;   -9.0;eor
       2564;20211228;   10;   9.3;   4.0;    3;   0.0;   6;-999;   2;   7.5;   6.2;  992.46;    1.4;   91.25;    2.3;    0.7;   -0.8;eor
       2564;20211229;   10;   5.4;   1.9;    3;   0.4;   6;-999;   0;   8.0;   7.1;  999.35;    2.1;   99.42;    4.5;    1.0;    0.3;eor
       2564;20211230;   10;  11.5;   5.1;    3;   9.2;   6;-999;   0;   7.7;  10.9; 1003.71;    8.3;   98.50;   10.5;    4.5;    3.5;eor
       2564;20211231;   10;  18.5;   7.9;    3;   8.0;   6;-999;   0;   7.5;  12.6; 1006.82;   11.0;   96.17;   12.3;    9.9;    9.3;eor
       2564;20220101;   10;  10.2;   4.8;    3;   5.2;   6;-999;   0;   7.5;  12.4; 1014.50;   10.8;   95.29;   12.5;    9.4;    8.6;eor
       2564;20220102;   10;  21.5;   5.9;    3;   8.9;   6;-999;   0;  -999;  12.1; 1003.22;   10.6;   94.21;   12.0;    8.7;    7.8;eor
       2564;20220103;   10;  16.7;   7.6;    3;   0.6;   6;-999;   0;   7.3;   9.7;  997.43;    8.8;   85.83;    9.4;    8.0;    7.1;eor
       2564;20220104;   10;  12.7;   4.7;    3;   5.4;   8;-999;   0;   5.7;   8.1;  988.97;    5.6;   88.54;    8.4;    1.8;    0.2;eor
       2564;20220105;   10;  13.4;   5.9;    3;   6.0;   8;-999;   0;   5.8;   6.8;  990.89;    3.2;   87.83;    5.6;    0.8;   -1.6;eor
       2564;20220106;   10;   8.1;   3.0;    3;   0.2;   8;-999;   1;   3.4;   5.7; 1009.98;    1.2;   86.29;    3.7;   -3.1;   -8.3;eor
       2564;20220107;   10;  10.9;   4.8;    3;   0.1;   8;-999;   0;   6.3;   6.8; 1004.13;    2.7;   92.08;    4.2;    1.8;    0.4;eor
       2564;20220108;   10;  11.8;   5.0;    3;   0.0;   8;-999;   0;   7.1;   6.6;  999.14;    3.0;   86.75;    4.3;    1.9;    0.9;eor
       2564;20220109;   10;  11.4;   3.2;    3;   7.4;   8;-999;   0;  -999;   6.6;  992.22;    2.0;   93.83;    2.8;    0.7;    0.1;eor
       2564;20220110;   10;-999;-999;    3;   0.0;   4;-999;   0;  -999;  -999; 1016.94;    2.6;-999;    3.7;    0.7;    0.2;eor
       2564;20220111;   10;   8.5;   3.5;    3;   0.1;   6;-999;   0;   7.6;   7.2; 1028.50;    3.8;   89.63;    4.9;    3.1;    1.5;eor
       2564;20220112;   10;  13.7;   4.5;    3;   0.0;   0;-999;   0;   7.5;   8.6; 1030.82;    5.2;   96.75;    7.6;    3.1;    2.5;eor
       2564;20220113;   10;  16.0;   8.4;    3;   0.0;   6;-999;   0;   7.7;   9.7; 1028.52;    7.8;   91.92;    8.6;    7.2;    6.3;eor
       2564;20220114;   10;  14.7;   6.3;    3;   0.2;   6;-999;   0;   4.6;   8.5; 1025.66;    6.3;   88.42;    8.8;    0.6;   -2.9;eor
       2564;20220115;   10;   6.1;   2.3;    3;   0.0;   6;-999;   0;   5.5;   6.7; 1023.96;    3.4;   86.50;    6.5;    0.0;   -4.4;eor
       2564;20220116;   10;  15.3;   5.5;    3;   0.5;   6;-999;   0;  -999;   7.8; 1014.08;    4.8;   91.00;    7.1;    3.1;    1.1;eor
       2564;20220117;   10;  22.8;   7.8;    3;   0.7;   6;-999;   0;   3.9;   7.1; 1019.42;    5.6;   77.50;    8.3;    1.7;   -2.3;eor
       2564;20220118;   10;  12.1;   5.0;    3;   0.0;   6;-999;   0;   7.5;   8.3; 1029.95;    5.9;   89.25;    6.8;    4.6;    3.9;eor
       2564;20220119;   10;  17.2;   7.0;    3;   0.3;   8;-999;   0;  -999;   7.4; 1014.55;    4.5;   88.00;    6.7;    2.6;    0.8;eor
       2564;20220120;   10;  18.4;   7.1;    3;   0.0;   7;-999;   0;   2.4;   4.4; 1013.85;    1.5;   64.04;    3.4;   -2.7;   -6.4;eor
       2564;20220121;   10;   9.1;   4.4;    3;   0.1;   6;-999;   0;   4.3;   6.1; 1021.45;    1.9;   82.50;    6.2;   -3.1;   -6.6;eor
       2564;20220122;   10;   7.7;   3.3;    3;   1.1;   6;-999;   0;   7.2;   8.9; 1024.08;    5.7;   96.83;    6.7;    4.5;    2.9;eor
       2564;20220123;   10;   9.4;   4.6;    3;   0.0;   6;-999;   0;   7.1;   9.2; 1028.86;    6.7;   93.42;    8.8;    5.7;    5.2;eor
       2564;20220124;   10;   7.7;   3.7;    3;   0.0;   6;-999;   0;   7.6;   7.9; 1029.25;    5.1;   89.38;    5.8;    4.4;    3.9;eor
       2564;20220125;   10;   8.0;   4.2;    3;   0.7;   6;-999;   0;   7.2;   8.6; 1027.01;    5.3;   96.04;    6.1;    4.4;    3.9;eor
       2564;20220126;   10;  15.2;   6.4;    3;   1.3;   6;-999;   0;   7.4;   8.2; 1020.50;    5.0;   94.04;    6.5;    4.2;    3.6;eor
       2564;20220127;   10;  21.8;  10.8;    3;   0.9;   6;-999;   0;   7.0;   8.0; 1007.87;    6.6;   81.79;    8.5;    5.2;    3.7;eor
       2564;20220128;   10;  17.9;   6.3;    3;   2.1;   6;-999;   0;   3.5;   6.1; 1020.30;    5.0;   70.08;    6.9;    3.1;    1.2;eor
       2564;20220129;   10;  27.9;  11.4;    3;   0.1;   6;-999;   0;   7.5;   8.8; 1006.07;    7.3;   85.54;    9.6;    4.8;    3.7;eor
       2564;20220130;   10;  28.3;  10.8;    3;   0.8;   8;-999;   0;   5.5;   5.9; 1010.54;    5.7;   65.08;    6.8;    3.7;    2.6;eor
       2564;20220131;   10;   7.2;   3.1;    3;   0.0;   8;-999;   0;   6.5;   6.5; 1003.76;    2.5;   89.42;    3.9;    1.4;   -0.2;eor
       2564;20220201;   10;  19.0;   7.4;    3;   8.0;   6;-999;   0;   7.3;   7.6;  999.54;    4.9;   86.92;    7.9;    2.0;    0.4;eor
       2564;20220202;   10;  19.8;   7.3;    3;   0.1;   6;-999;   0;   6.6;   6.7; 1005.91;    5.1;   75.88;    6.9;    2.4;   -0.4;eor
       2564;20220203;   10;  11.3;   4.3;    3;   6.7;   6;-999;   0;   7.2;   9.2; 1007.59;    6.1;   96.67;    8.1;    4.0;    2.7;eor
       2564;20220204;   10;  13.6;   5.7;    3;   5.1;   6;-999;   0;   6.8;   8.9;  999.03;    6.1;   92.96;    8.2;    2.3;    0.8;eor
       2564;20220205;   10;  16.8;   6.9;    3;  17.1;   6;-999;   0;   5.4;   7.3; 1004.27;    4.8;   84.25;    6.9;    2.3;    0.2;eor
       2564;20220206;   10;  17.7;   6.7;    3;   9.0;   8;-999;   0;   6.6;   8.3;  989.72;    5.6;   90.88;    7.7;    1.5;    0.1;eor
       2564;20220207;   10;  18.1;   6.8;    3;   0.0;   6;-999;   0;   4.0;   6.5; 1006.85;    4.4;   78.13;    6.8;    1.1;   -0.4;eor
       2564;20220208;   10;  17.0;   6.9;    3;   7.5;   6;-999;   0;   7.4;   9.6; 1014.12;    7.4;   93.00;    8.8;    4.9;    3.6;eor
       2564;20220209;   10;  14.9;   6.7;    3;   0.9;   6;-999;   0;   7.3;  10.0; 1014.59;    7.8;   93.96;    8.9;    5.2;    3.5;eor
       2564;20220210;   10;  11.6;   4.1;    3;   0.0;   6;-999;   0;   7.1;   7.7; 1012.22;    5.3;   86.04;    7.9;    2.4;   -0.1;eor
       2564;20220211;   10;  12.5;   3.6;    3;   0.0;   6;-999;   0;   2.7;   6.0; 1018.60;    2.3;   82.33;    5.2;   -1.5;   -6.1;eor
       2564;20220212;   10;  14.1;   4.8;    3;   0.0;   0;-999;   0;   5.8;   5.2; 1022.39;    2.5;   71.92;    5.8;   -1.5;   -5.9;eor
       2564;20220213;   10;  13.1;   6.1;    3;   0.0;   0;-999;   0;   7.9;   5.4; 1006.33;    4.4;   64.79;    8.2;    1.6;   -0.3;eor
       2564;20220214;   10;  15.4;   5.9;    3;   1.7;   6;-999;   0;   6.2;   8.1;  995.39;    8.9;   70.58;   12.7;    6.8;    4.2;eor
       2564;20220215;   10;  16.1;   6.3;    3;   3.1;   6;-999;   0;   6.9;   8.3;  999.21;    6.8;   84.17;    8.1;    5.4;    4.0;eor
       2564;20220216;   10;  26.2;   7.4;    3;  31.9;   6;-999;   0;   7.1;  10.2;  984.48;    8.5;   91.33;   11.5;    5.9;    4.3;eor
       2564;20220217;   10;  25.6;  11.5;    3;   7.2;   8;-999;   0;   6.7;   8.0;  984.71;    6.5;   82.67;    9.4;    3.2;    1.5;eor
       2564;20220218;   10;  27.1;   7.4;    3;  22.6;   8;-999;   0;   6.0;   7.8;  988.30;    5.5;   85.46;    8.8;    4.0;    1.7;eor
       2564;20220219;   10;  28.4;  10.1;    3;   4.5;   8;-999;   0;   6.8;   6.8;  994.53;    4.7;   79.83;    6.1;    2.4;    0.6;eor
       2564;20220220;   10;  18.0;   6.0;    3;  25.2;   6;-999;   0;   6.8;   8.8;  992.45;    5.4;   95.63;    9.9;    1.5;    0.0;eor
       2564;20220221;   10;  22.2;   8.3;    3;   4.8;   8;-999;   0;   6.3;   7.5;  985.38;    4.8;   86.17;    8.1;    2.3;    1.5;eor
       2564;20220222;   10;  20.4;   6.9;    3;   2.6;   6;-999;-999;   6.0;   7.2; 1003.63;    5.5;   79.21;    7.6;    2.9;    1.2;eor
       2564;20220223;   10;  16.8;   6.8;    3;   0.0;   0;-999;   0;   6.4;   7.4; 1012.71;    7.0;   74.46;    9.4;    5.1;    3.7;eor
       2564;20220224;   10;  18.9;   6.5;    3;   5.4;   8;-999;   0;   7.0;   7.2; 1001.35;    6.7;   74.25;   10.0;    1.5;    0.7;eor
       2564;20220225;   10;  14.0;   6.0;    3;   5.7;   8;-999;   0;   5.5;   7.1; 1008.45;    4.2;   85.88;    6.3;    2.0;    0.9;eor
       2564;20220226;   10;   6.5;   2.6;    3;   0.0;   0;-999;   0;   0.0;   6.0; 1029.18;    3.7;   75.83;    7.7;    0.1;   -4.8;eor
       2564;20220227;   10;   6.7;   2.6;    3;   0.0;   0;-999;   0;   0.0;   6.2; 1032.92;    3.2;   81.29;    7.2;   -0.1;   -5.0;eor
       2564;20220228;   10;   8.8;   3.7;    3;   0.0;   0;-999;   0;   0.0;   6.0; 1030.01;    4.0;   74.13;    8.1;    0.9;   -1.7;eor
       2564;20220301;   10;   9.5;   3.2;    3;   0.0;   0;-999;   0;   5.7;   5.4; 1026.38;    3.4;   69.21;    6.1;    0.6;   -1.7;eor
       2564;20220302;   10;   6.4;   2.1;    3;   0.0;   0;-999;   0;   5.4;   6.6; 1023.34;    2.3;   91.21;    5.1;   -1.5;   -5.6;eor
       2564;20220303;   10;   6.9;   2.0;    3;   0.0;   0;-999;   0;   7.6;   6.3; 1020.13;    0.6;   98.38;    2.8;   -2.0;   -2.7;eor
       2564;20220304;   10;   8.3;   2.0;    3;   0.0;   0;-999;   0;   4.9;   6.0; 1021.99;    1.1;   90.71;    6.2;   -1.7;   -4.7;eor
       2564;20220305;   10;   7.4;   3.2;    3;   0.0;   0;-999;   0;   5.8;   5.1; 1022.65;    2.1;   71.33;    6.0;   -0.9;   -5.3;eor
       2564;20220306;   10;   6.8;   2.4;    3;   0.0;   0;-999;   0;   4.0;   5.3; 1023.42;    2.7;   71.38;    6.3;   -1.6;   -6.0;eor
       2564;20220307;   10;   4.7;   1.7;    3;   0.0;   0;-999;   0;   0.4;   5.3; 1023.90;    2.3;   76.29;    7.9;   -3.9;   -7.0;eor
       2564;20220308;   10;   5.3;   2.0;    3;   0.0;   0;-999;   0;   0.3;   5.1; 1022.19;    3.6;   66.63;    9.8;   -1.8;   -6.8;eor
       2564;20220309;   10;   7.8;   2.6;    3;   0.0;   0;-999;   0;   0.0;   5.6; 1022.40;    4.7;   68.88;   11.5;   -1.4;   -6.7;eor
       2564;20220310;   10;   9.5;   4.2;    3;   0.0;   0;-999;   0;   3.4;   6.1; 1024.80;    6.0;   66.33;   11.0;    1.0;   -3.2;eor
       2564;20220311;   10;  15.7;   6.4;    3;   0.0;   0;-999;   0;   2.5;   3.4; 1020.70;    4.9;   41.25;    9.5;    0.3;   -2.2;eor
       2564;20220312;   10;  11.5;   4.9;    3;   0.0;   0;-999;   0;   1.1;   3.6; 1017.80;    5.9;   38.46;   11.0;    1.5;   -0.7;eor
       2564;20220313;   10;   9.9;   4.1;    3;   0.0;   0;-999;   0;   0.2;   3.9; 1016.22;    6.5;   40.92;   11.9;    0.8;   -2.5;eor
       2564;20220314;   10;   7.6;   3.1;    3;   0.8;   6;-999;   0;   4.8;   6.1; 1019.56;    7.2;   58.96;   10.3;    3.5;   -0.5;eor
       2564;20220315;   10;   8.8;   2.8;    3;   0.0;   0;-999;   0;   6.3;   8.7; 1022.61;    6.2;   91.92;   10.5;    0.0;   -2.8;eor
       2564;20220316;   10;   8.2;   3.0;    3;   0.0;   0;-999;   0;   7.9;   7.4; 1024.64;    3.2;   95.92;    8.0;   -0.4;   -0.3;eor
       2564;20220317;   10;  11.7;   5.0;    3;   3.1;   6;-999;   0;   5.8;   8.0; 1024.17;    6.1;   85.00;    8.2;    1.9;   -1.9;eor
       2564;20220318;   10;   7.4;   2.4;    3;   0.0;   0;-999;   0;   1.3;   7.8; 1039.49;    5.8;   84.63;   13.3;   -0.2;   -4.5;eor
       2564;20220319;   10;  13.5;   5.2;    3;   0.0;   0;-999;   0;   0.0;   7.1; 1043.19;    5.1;   81.88;    9.2;    0.8;   -4.7;eor
       2564;20220320;   10;  13.5;   5.7;    3;   0.0;   0;-999;   0;   0.0;   5.8; 1034.13;    6.2;   64.38;   10.8;    2.3;    0.6;eor
       2564;20220321;   10;   9.6;   4.0;    3;   0.0;   0;-999;   0;   0.0;   4.8; 1029.92;    8.3;   43.83;   12.9;    4.4;    0.9;eor
       2564;20220322;   10;   4.8;   2.1;    3;   0.0;   0;-999;   0;   2.5;   6.1; 1029.79;    8.8;   53.92;   14.7;    3.4;   -3.2;eor
       2564;20220323;   10;   5.3;   2.2;    3;   0.0;   0;-999;   0;   0.2;   7.2; 1028.63;    8.7;   64.88;   14.4;    2.1;   -2.6;eor
       2564;20220324;   10;   6.6;   1.8;    3;   0.0;   0;-999;   0;   2.2;   7.2; 1026.20;    9.1;   64.21;   16.1;    2.6;   -2.6;eor
       2564;20220325;   10;   8.4;   3.4;    3;   0.0;   0;-999;   0;   2.0;   7.9; 1026.05;    9.0;   71.08;   16.7;    0.6;   -2.2;eor
       2564;20220326;   10;  10.9;   4.2;    3;   0.0;   0;-999;   0;   4.3;   9.2; 1025.68;    8.7;   82.04;   14.3;    3.4;   -1.4;eor
       2564;20220327;   10;  10.3;   4.1;    3;   0.0;   6;-999;   0;   2.6;   8.5; 1026.30;    7.4;   83.67;   15.4;    0.8;   -2.5;eor
       2564;20220328;   10;  11.4;   5.7;    3;   0.0;   6;-999;   0;   7.5;   8.1; 1017.07;    6.7;   82.75;    9.4;    4.7;    4.0;eor
       2564;20220329;   10;  11.8;   5.1;    3;   0.0;   0;-999;   0;   6.5;   6.1; 1007.32;    5.0;   70.88;    9.3;    1.0;   -1.8;eor
       2564;20220330;   10;  10.3;   3.7;    3;   3.1;   8;-999;   0;   6.1;   6.1; 1002.76;    3.8;   77.33;    7.2;    0.9;   -0.7;eor
       2564;20220331;   10;  17.0;   8.5;    3;   0.0;   8;-999;   0;   7.0;   4.6; 1004.28;    2.4;   64.29;    4.5;    0.5;    0.1;eor
       2564;20220401;   10;  14.3;   7.7;    3;   0.0;   8;-999;   0;   7.8;   4.2; 1009.40;    3.2;   54.79;    5.1;    1.2;   -1.4;eor
       2564;20220402;   10;  12.0;   4.5;    3;   0.0;   0;-999;   0;   3.1;   4.2; 1015.10;    2.5;   57.88;    5.4;   -1.4;   -6.8;eor
       2564;20220403;   10;  15.4;   5.2;    3;   0.8;   6;-999;   0;   5.3;   5.8; 1012.94;    3.1;   75.00;    8.3;   -2.8;   -8.3;eor
       2564;20220404;   10;  19.4;   8.5;    3;  11.0;   6;-999;   0;   6.3;   7.4;  994.75;    5.0;   83.83;    8.2;    3.3;    2.3;eor
       2564;20220405;   10;  12.2;   5.4;    3;   5.5;   8;-999;   0;   6.7;   6.5;  995.90;    4.9;   75.42;    7.7;    2.3;    0.7;eor
       2564;20220406;   10;  16.3;   5.9;    3;  18.7;   6;-999;   0;   7.1;   9.6;  989.43;    7.7;   91.21;    9.7;    3.3;    2.9;eor
       2564;20220407;   10;  20.5;   7.1;    3;   8.8;   6;-999;   0;   7.3;   8.6;  975.45;    7.1;   84.88;    9.5;    4.0;    2.6;eor
       2564;20220408;   10;  21.1;   7.7;    3;   2.2;   8;-999;   0;   5.7;   6.3;  986.97;    4.9;   72.96;    9.1;    2.0;    0.2;eor
       2564;20220409;   10;  19.4;   7.4;    3;   1.9;   8;-999;   0;   3.7;   6.4;  998.22;    4.2;   78.25;    7.9;    1.8;   -0.2;eor
       2564;20220410;   10;  15.7;   6.7;    3;   2.3;   6;-999;   0;   4.6;   6.5; 1010.00;    4.7;   76.75;    8.7;    2.2;    0.4;eor
       2564;20220411;   10;  12.4;   3.0;    3;   0.0;   0;-999;   0;   6.5;   6.4; 1014.87;    5.5;   72.50;   10.5;    2.1;   -2.5;eor
       2564;20220412;   10;  10.3;   3.7;    3;   0.0;   0;-999;   0;   7.2;   6.9; 1013.39;    8.1;   64.21;   14.1;    2.0;   -3.3;eor
       2564;20220413;   10;   9.6;   3.9;    3;   0.1;   6;-999;   0;   7.3;   9.6; 1011.88;   13.3;   62.21;   19.5;    8.9;    7.0;eor
       2564;20220414;   10;  12.9;   5.1;    3;   0.0;   6;-999;   0;   6.4;  10.6; 1015.08;   11.0;   81.38;   16.0;    7.8;    7.2;eor
       2564;20220415;   10;   9.9;   4.1;    3;   0.0;   6;-999;   0;  -999;   8.9; 1023.88;    7.3;   86.42;    8.1;    4.5;    0.7;eor
       2564;20220416;   10;   8.1;   2.8;    3;   0.0;   0;-999;   0;   0.2;   6.8; 1032.38;    6.6;   71.25;   10.8;    0.8;   -4.2;eor
       2564;20220417;   10;   8.0;   2.5;    3;   0.0;   0;-999;   0;   2.8;   5.7; 1026.42;    8.6;   53.08;   14.2;    1.9;   -4.0;eor
       2564;20220418;   10;   7.9;   2.7;    3;   0.0;   0;-999;   0;   3.8;   6.5; 1017.94;    9.2;   55.96;   14.4;    2.8;   -3.6;eor
       2564;20220419;   10;  10.1;   3.6;    3;   0.0;   0;-999;   0;   3.5;   7.3; 1015.30;    8.4;   66.75;   13.0;    3.4;   -1.6;eor
       2564;20220420;   10;   7.8;   3.3;    3;   0.0;   0;-999;   0;   5.1;   7.5; 1015.96;    9.5;   64.46;   14.0;    3.5;   -0.6;eor
       2564;20220421;   10;  11.7;   4.9;    3;   0.0;   0;-999;   0;   5.5;   8.2; 1013.40;    9.2;   70.79;   13.1;    4.2;   -0.7;eor
       2564;20220422;   10;  14.9;   6.5;    3;   0.0;   0;-999;   0;   1.5;   9.1; 1010.18;    9.4;   77.04;   13.4;    6.5;    4.2;eor
       2564;20220423;   10;   9.6;   5.2;    3;   0.0;   0;-999;   0;   1.0;   9.0; 1009.12;    9.0;   78.79;   13.3;    5.7;    3.9;eor
       2564;20220424;   10;  15.6;   7.4;    3;   0.0;   6;-999;   0;   5.0;   8.0; 1006.91;    7.8;   75.58;   10.1;    5.9;    3.8;eor
       2564;20220425;   10;   9.6;   4.1;    3;   0.0;   0;-999;   0;   2.6;   7.2; 1010.38;    8.3;   66.58;   12.1;    4.0;   -0.4;eor
       2564;20220426;   10;   6.9;   2.2;    3;   0.0;   6;-999;   0;   2.0;   7.5; 1014.38;    8.6;   69.21;   13.6;    1.4;   -3.3;eor
       2564;20220427;   10;   7.8;   3.2;    3;   0.0;   0;-999;   0;   3.6;   7.5; 1021.47;    8.3;   70.54;   14.2;    2.4;   -1.4;eor
       2564;20220428;   10;   8.8;   3.2;    3;   0.0;   0;-999;   0;   2.3;   7.6; 1025.40;    9.0;   69.63;   15.9;    1.6;   -1.7;eor
       2564;20220429;   10;  10.5;   3.3;    3;   0.0;   0;-999;   0;   7.6;   7.7; 1025.03;    7.9;   73.75;   12.9;    2.1;   -1.1;eor
       2564;20220430;   10;   8.6;   2.9;    3;   0.0;   0;-999;   0;   6.4;   8.1; 1021.38;    8.7;   73.67;   13.7;    4.1;    1.3;eor
       2564;20220501;   10;   6.8;   2.6;    3;   0.0;   0;-999;   0;   7.1;   7.7; 1019.80;    9.1;   68.46;   12.7;    5.2;    0.6;eor
       2564;20220502;   10;   8.8;   2.7;    3;   0.0;   6;-999;   0;   4.9;   7.7; 1016.29;    9.7;   65.21;   14.8;    4.4;    1.1;eor
       2564;20220503;   10;   9.1;   3.8;    3;   0.0;   0;-999;   0;   4.0;   8.3; 1013.85;    9.7;   70.29;   14.6;    4.0;    0.5;eor
       2564;20220504;   10;   8.0;   2.9;    3;   0.0;   0;-999;   0;   6.7;   7.7; 1014.75;    8.6;   70.29;   14.2;    3.1;   -1.1;eor
       2564;20220505;   10;   8.3;   3.2;    3;   0.0;   0;-999;   0;   5.4;   8.7; 1018.16;    9.5;   74.00;   16.3;    1.4;   -2.3;eor
       2564;20220506;   10;   9.0;   3.2;    3;   0.1;   6;-999;   0;   5.4;  10.7; 1019.96;   12.5;   75.54;   19.0;    5.1;    1.1;eor
       2564;20220507;   10;   9.6;   4.0;    3;   0.0;   6;-999;   0;   6.7;  10.4; 1019.17;   12.6;   71.71;   17.7;    5.6;    3.6;eor
       2564;20220508;   10;   7.9;   3.3;    3;   0.0;   0;-999;   0;   1.8;   7.2; 1023.60;   10.0;   61.96;   16.5;    2.3;   -2.3;eor
       2564;20220509;   10;   7.4;   2.7;    3;   0.0;   0;-999;   0;   3.9;   8.9; 1022.97;   13.5;   60.67;   19.5;    5.2;   -0.3;eor
       2564;20220510;   10;  13.4;   3.7;    3;   0.0;   6;-999;   0;   7.4;  11.4; 1011.86;   15.9;   64.46;   23.2;   10.5;    8.9;eor
       2564;20220511;   10;  12.8;   3.8;    3;  17.5;   6;-999;   0;   7.5;  12.1; 1005.24;   13.8;   77.96;   19.4;   10.5;    9.4;eor
       2564;20220512;   10;  15.2;   6.2;    3;   0.0;   0;-999;   0;   5.6;  10.7; 1009.29;   12.7;   74.13;   17.0;    8.5;    5.8;eor
       2564;20220513;   10;  14.8;   5.2;    3;   0.9;   6;-999;   0;   7.3;  10.8; 1011.28;   11.9;   77.67;   15.3;    8.2;    6.2;eor
       2564;20220514;   10;  15.0;   5.8;    3;   0.0;   0;-999;   0;   6.0;  10.7; 1014.80;   13.4;   70.17;   17.5;    6.6;    3.1;eor
       2564;20220515;   10;   7.8;   2.4;    3;   0.0;   0;-999;   0;   2.7;   9.9; 1018.44;   12.1;   72.21;   17.6;    5.2;    1.1;eor
       2564;20220516;   10;  11.4;   4.5;    3;   0.1;   6;-999;   0;   6.6;  10.7; 1015.63;   14.3;   66.08;   18.5;    7.8;    4.3;eor
       2564;20220517;   10;   7.5;   3.3;    3;   0.0;   0;-999;   0;   6.8;  11.9; 1017.30;   14.2;   73.04;   18.4;   11.8;    9.9;eor
       2564;20220518;   10;   7.5;   3.4;    3;   0.0;   0;-999;   0;   6.5;  13.5; 1018.25;   19.0;   59.38;   25.1;   12.1;   11.0;eor
       2564;20220519;   10;   8.8;   3.2;    3;   4.3;   6;-999;   0;   7.8;  17.5; 1013.69;   19.9;   76.58;   26.3;   15.3;   13.4;eor
       2564;20220520;   10;  11.8;   4.2;    3;  14.4;   6;-999;   0;   7.5;  13.4; 1012.39;   14.4;   82.29;   18.6;   10.8;   10.0;eor
       2564;20220521;   10;  17.1;   6.2;    3;   0.4;   6;-999;   0;   7.4;  11.9; 1011.18;   12.7;   80.75;   16.5;    9.6;    8.7;eor
       2564;20220522;   10;   6.9;   2.8;    3;   0.0;   0;-999;   0;   7.2;  11.5; 1012.11;   13.7;   74.00;   18.1;   10.6;    6.5;eor
       2564;20220523;   10;  11.7;   4.4;    3;   5.3;   6;-999;   0;   5.0;  11.1; 1002.18;   17.1;   58.42;   22.0;   10.0;    6.5;eor
       2564;20220524;   10;  16.7;   4.5;    3;   7.1;   6;-999;   0;   6.5;  13.2;  999.00;   13.8;   83.38;   17.0;   10.2;    8.7;eor
       2564;20220525;   10;  14.2;   3.6;    3;   7.4;   6;-999;   0;   5.9;  11.9; 1008.00;   13.0;   80.25;   17.6;    9.3;    7.3;eor
       2564;20220526;   10;  17.8;   7.0;    3;   4.1;   6;-999;   0;   6.6;  11.5; 1009.90;   13.6;   74.92;   16.6;   11.1;   10.5;eor
       2564;20220527;   10;  20.2;   7.3;    3;  10.6;   6;-999;   0;   4.7;  10.4; 1008.69;   11.1;   78.71;   14.3;    7.9;    7.1;eor
       2564;20220528;   10;  16.3;   6.8;    3;   0.6;   6;-999;   0;   6.5;  10.0; 1008.28;   10.5;   79.00;   13.9;    7.3;    4.7;eor
       2564;20220529;   10;   6.8;   2.7;    3;   0.0;   6;-999;   0;   6.9;  10.3; 1006.41;   11.6;   76.46;   16.3;    7.2;    4.0;eor
       2564;20220530;   10;   6.0;   2.5;    3;   0.0;   6;-999;   0;   7.8;   9.9; 1008.62;   10.5;   78.04;   13.0;    8.0;    5.6;eor
       2564;20220531;   10;   5.7;   2.0;    3;   3.2;   6;-999;   0;   6.5;   9.7; 1010.61;   12.0;   70.88;   16.6;    5.8;    2.7;eor
       2564;20220601;   10;  11.7;   2.3;    3;  11.3;   6;-999;   0;   6.5;  11.1; 1009.76;   12.2;   78.42;   15.5;    7.6;    4.3;eor
       2564;20220602;   10;  12.0;   4.9;    3;   0.0;   6;-999;   0;   5.6;  10.9; 1015.40;   11.4;   80.75;   15.7;    7.4;    5.1;eor
       2564;20220603;   10;   6.8;   2.2;    3;   0.0;   0;-999;   0;   2.0;  11.2; 1017.79;   12.9;   76.50;   19.4;    6.1;    1.8;eor
       2564;20220604;   10;   7.7;   2.7;    3;   0.0;   0;-999;   0;   3.3;  11.4; 1019.17;   12.4;   79.42;   16.0;    8.1;    3.5;eor
       2564;20220605;   10;   8.8;   3.4;    3;   5.6;   6;-999;   0;   3.9;  13.2; 1014.98;   15.1;   77.38;   19.9;    6.5;    2.2;eor
       2564;20220606;   10;  13.3;   4.0;    3;   0.9;   6;-999;   0;   6.7;  14.0; 1007.64;   17.1;   73.79;   21.7;   11.4;   10.6;eor
       2564;20220607;   10;  15.4;   4.9;    3;   1.0;   6;-999;   0;   6.6;  12.9; 1006.24;   13.2;   84.92;   16.3;   11.4;   10.3;eor
       2564;20220608;   10;   7.8;   3.0;    3;   0.4;   6;-999;   0;   7.3;  14.1; 1004.09;   16.0;   78.00;   20.2;   11.9;   10.6;eor
       2564;20220609;   10;  12.3;   4.0;    3;   0.2;   6;-999;   0;   7.4;  15.2; 1007.55;   16.0;   83.79;   19.7;   12.8;   12.6;eor
       2564;20220610;   10;   9.7;   3.7;    3;   0.4;   6;-999;   0;   4.2;  14.0; 1016.40;   17.0;   72.83;   22.0;   11.7;   10.1;eor
       2564;20220611;   10;  12.1;   4.1;    3;   0.0;   0;-999;   0;   3.4;  14.0; 1016.67;   17.5;   71.13;   21.5;   11.8;    6.9;eor
       2564;20220612;   10;  14.2;   4.8;    3;   0.5;   6;-999;   0;   1.8;  12.1; 1015.82;   16.1;   67.46;   21.5;   11.2;    7.5;eor
       2564;20220613;   10;  13.2;   4.3;    3;   6.1;   6;-999;   0;   5.8;  11.4; 1014.64;   12.7;   77.79;   17.4;    9.1;    6.7;eor
       2564;20220614;   10;  10.3;   4.3;    3;   0.0;   0;-999;   0;   7.0;  11.8; 1017.64;   14.1;   74.00;   18.7;    9.9;    6.2;eor
       2564;20220615;   10;   8.0;   2.3;    3;   0.0;   0;-999;   0;   5.9;  12.1; 1016.62;   14.9;   72.92;   20.3;    9.0;    4.8;eor
       2564;20220616;   10;   9.7;   3.6;    3;   0.0;   0;-999;   0;   6.6;  12.2; 1017.63;   15.9;   69.33;   21.5;   10.8;    7.5;eor
       2564;20220617;   10;   6.9;   2.8;    3;   0.0;   6;-999;   0;   6.0;  13.8; 1018.32;   17.4;   71.13;   21.6;    9.7;    6.5;eor
       2564;20220618;   10;  12.1;   4.8;    3;   1.8;   6;-999;   0;   3.8;  14.1; 1011.17;   19.1;   63.96;   23.7;   13.4;   12.5;eor
       2564;20220619;   10;   7.6;   2.7;    3;   6.5;   6;-999;   0;   7.7;  13.3; 1008.32;   13.3;   86.88;   15.3;   10.1;    6.5;eor
       2564;20220620;   10;  10.2;   3.3;    3;   1.2;   6;-999;   0;   5.3;  12.3; 1008.55;   13.1;   82.54;   17.4;    9.5;    5.1;eor
       2564;20220621;   10;  10.7;   4.3;    3;   0.0;   0;-999;   0;   2.8;  12.7; 1010.52;   15.1;   75.50;   20.2;    9.7;    6.3;eor
       2564;20220622;   10;   7.2;   2.7;    3;   0.0;   0;-999;   0;   5.5;  13.8; 1010.35;   15.1;   80.71;   20.7;    9.7;    5.8;eor
       2564;20220623;   10;   7.3;   2.9;    3;   0.0;   0;-999;   0;   0.8;  16.0; 1010.95;   17.5;   80.29;   23.5;    8.9;    5.9;eor
       2564;20220624;   10;  12.8;   3.4;    3;   0.0;   6;-999;   0;   2.3;  16.9; 1004.25;   21.9;   66.54;   31.2;   15.7;   13.2;eor
       2564;20220625;   10;   6.4;   2.5;    3;   0.0;   6;-999;   0;   4.1;  18.1; 1008.16;   20.7;   76.29;   25.0;   15.7;   13.1;eor
       2564;20220626;   10;  10.9;   3.5;    3;   3.2;   6;-999;   0;   7.2;  18.6; 1010.98;   22.0;   71.88;   28.2;   17.4;   14.7;eor
       2564;20220627;   10;  10.2;   3.9;    3;   1.7;   6;-999;   0;   7.5;  18.1; 1011.71;   17.3;   91.67;   19.1;   13.8;   12.1;eor
       2564;20220628;   10;   8.7;   2.8;    3;   0.2;   6;-999;   0;   3.3;  14.7; 1016.89;   17.8;   73.96;   23.1;   13.1;   10.1;eor
       2564;20220629;   10;  10.8;   3.9;    3;   0.0;   0;-999;   0;   4.3;  15.4; 1014.15;   19.9;   67.50;   25.1;   13.5;    9.2;eor
       2564;20220630;   10;   9.0;   4.1;    3;   6.3;   6;-999;   0;   1.6;  16.8; 1010.00;   20.3;   72.25;   25.1;   14.6;   11.0;eor
       2564;20220701;   10;  10.8;   3.5;    3;   8.5;   6;-999;   0;   7.5;  17.3; 1011.51;   17.1;   88.25;   19.4;   13.7;   11.9;eor
       2564;20220702;   10;  11.3;   3.5;    3;   0.0;   0;-999;   0;   3.9;  13.7; 1017.27;   18.5;   67.08;   23.3;   12.4;    8.9;eor
       2564;20220703;   10;  12.9;   3.0;    3;  21.8;   6;-999;   0;   5.8;  14.8; 1012.95;   19.1;   69.21;   24.5;   12.7;   10.4;eor
       2564;20220704;   10;  14.3;   5.0;    3;   0.0;   6;-999;   0;   3.3;  13.6; 1013.90;   16.8;   72.92;   21.8;   12.9;   11.4;eor
       2564;20220705;   10;  14.9;   4.9;    3;   0.0;   6;-999;   0;   5.9;  12.4; 1016.02;   16.2;   68.50;   20.3;   12.8;   10.9;eor
       2564;20220706;   10;  11.5;   4.8;    3;   8.6;   6;-999;   0;   7.3;  12.8; 1016.44;   15.1;   75.92;   19.7;   12.4;   10.7;eor
       2564;20220707;   10;  14.3;   5.6;    3;   0.9;   6;-999;   0;   5.2;  15.1; 1012.68;   16.5;   81.04;   19.0;   12.6;   11.1;eor
       2564;20220708;   10;  13.7;   5.7;    3;   0.4;   6;-999;   0;   4.2;  13.6; 1021.75;   15.4;   78.25;   21.1;   10.5;    8.9;eor
       2564;20220709;   10;  15.2;   6.2;    3;   0.5;   6;-999;   0;   6.4;  13.4; 1018.75;   15.9;   74.75;   20.3;   11.6;   10.1;eor
       2564;20220710;   10;  12.2;   5.2;    3;   0.0;   0;-999;   0;   4.9;  11.5; 1016.71;   14.5;   70.75;   19.6;    9.7;    6.9;eor
       2564;20220711;   10;   7.1;   2.9;    3;   0.0;   0;-999;   0;   1.3;  13.0; 1018.25;   15.4;   75.29;   21.3;    8.0;    4.6;eor
       2564;20220712;   10;   7.4;   3.4;    3;   0.0;   6;-999;   0;   6.5;  15.8; 1019.55;   17.7;   78.92;   23.2;   10.4;    7.6;eor
       2564;20220713;   10;  13.1;   4.6;    3;   0.0;   6;-999;   0;   5.1;  16.1; 1014.00;   19.9;   69.42;   26.1;   10.7;    7.3;eor
       2564;20220714;   10;  13.6;   4.9;    3;   2.1;   6;-999;   0;   5.1;  12.2; 1014.11;   14.3;   75.63;   19.2;    9.7;    5.3;eor
       2564;20220715;   10;  13.1;   5.2;    3;   4.9;   6;-999;   0;   7.2;  11.7; 1014.57;   15.1;   68.63;   19.0;   11.0;    9.0;eor
       2564;20220716;   10;  16.1;   6.0;    3;   0.0;   6;-999;   0;   5.3;  11.8; 1016.23;   14.9;   70.63;   19.0;    9.4;    6.1;eor
       2564;20220717;   10;  10.1;   4.0;    3;   0.0;   0;-999;   0;   6.5;  13.0; 1021.98;   16.1;   71.50;   21.2;    9.8;    5.2;eor
       2564;20220718;   10;   8.8;   3.0;    3;   0.0;   6;-999;   0;   6.9;  14.0; 1018.64;   20.1;   61.25;   26.5;   14.5;   10.7;eor
       2564;20220719;   10;   7.2;   2.4;    3;   0.0;   0;-999;   0;   0.3;  13.6; 1015.61;   22.7;   52.33;   30.0;   13.3;    8.0;eor
       2564;20220720;   10;  11.0;   3.7;    3;   0.0;   6;-999;   0;   0.7;  17.0; 1012.34;   26.6;   51.50;   36.5;   18.5;   16.1;eor
       2564;20220721;   10;  10.9;   4.7;    3;   0.7;   6;-999;   0;   5.0;  18.7; 1011.84;   20.1;   80.13;   24.4;   16.0;   13.7;eor
       2564;20220722;   10;  12.8;   5.5;    3;   0.0;   6;-999;   0;   8.0;  14.1; 1013.75;   16.1;   77.00;   18.9;   14.1;   13.6;eor
       2564;20220723;   10;  11.7;   4.5;    3;   0.0;   0;-999;   0;   6.8;  12.7; 1014.17;   15.3;   73.25;   18.5;   10.9;    6.7;eor
       2564;20220724;   10;  11.3;   2.9;    3;   0.0;   0;-999;   0;   5.2;  15.1; 1013.55;   19.7;   67.71;   26.8;   10.1;    6.1;eor
       2564;20220725;   10;  14.4;   4.1;    3;   4.0;   6;-999;   0;   7.2;  16.9; 1004.38;   22.2;   65.33;   30.5;   16.8;   15.0;eor
       2564;20220726;   10;  14.4;   6.3;    3;   0.1;   6;-999;   0;   5.8;  13.0; 1008.74;   16.6;   68.96;   20.1;   13.1;   11.9;eor
       2564;20220727;   10;  14.9;   5.6;    3;   0.0;   0;-999;   0;   7.3;  10.8; 1013.57;   15.0;   63.50;   19.0;   12.1;    9.7;eor
       2564;20220728;   10;   6.4;   2.0;    3;   0.0;   0;-999;   0;   7.3;  11.3; 1016.86;   14.7;   68.46;   19.8;    9.8;    6.0;eor
       2564;20220729;   10;   8.9;   3.5;    3;   0.0;   0;-999;   0;   7.3;  13.8; 1016.18;   16.9;   73.21;   22.3;    8.4;    5.1;eor
       2564;20220730;   10;   5.9;   2.5;    3;   0.0;   0;-999;   0;   7.1;  16.9; 1013.62;   20.4;   72.04;   25.7;   15.8;   14.5;eor
       2564;20220731;   10;   6.3;   2.2;    3;   5.8;   6;-999;   0;   7.3;  16.8; 1011.13;   18.9;   79.04;   24.9;   15.2;   14.3;eor
       2564;20220801;   10;  10.0;   4.2;    3;   0.0;   6;-999;   0;   5.3;  14.5; 1011.87;   17.2;   74.46;   21.5;    9.8;    6.9;eor
       2564;20220802;   10;   8.3;   2.5;    3;   0.5;   6;-999;   0;   6.5;  13.5; 1013.20;   17.0;   71.88;   23.8;    8.9;    5.1;eor
       2564;20220803;   10;  11.2;   3.4;    3;   0.0;   0;-999;   0;   3.8;  19.2; 1010.41;   23.6;   67.17;   28.9;   18.5;   15.0;eor
       2564;20220804;   10;  12.1;   3.5;    3;   0.0;   6;-999;   0;   5.8;  19.2; 1009.05;   24.4;   67.21;   34.2;   16.9;   13.8;eor
       2564;20220805;   10;  12.8;   3.2;    3;   0.7;   6;-999;   0;   6.0;  14.9; 1012.70;   16.1;   81.46;   19.5;   10.2;    7.4;eor
       2564;20220806;   10;  12.4;   4.1;    3;   0.0;   6;-999;   0;   2.6;  11.3; 1021.56;   15.2;   67.67;   20.8;    9.5;    5.7;eor
       2564;20220807;   10;   9.0;   2.9;    3;   0.0;   6;-999;   0;   5.3;  12.2; 1021.44;   15.7;   69.71;   21.4;    9.6;    5.5;eor
       2564;20220808;   10;   5.8;   1.8;    3;   0.0;   6;-999;   0;   4.8;  13.9; 1022.17;   16.9;   73.13;   22.2;   10.0;    7.0;eor
       2564;20220809;   10;   7.9;   2.7;    3;   0.0;   0;-999;   0;   3.1;  14.2; 1025.32;   17.0;   75.00;   21.9;   10.3;    7.7;eor
       2564;20220810;   10;   7.9;   2.1;    3;   0.0;   0;-999;   0;   3.3;  14.8; 1024.35;   18.4;   72.04;   23.9;   10.1;    8.1;eor
       2564;20220811;   10;   8.3;   2.7;    3;   0.0;   0;-999;   0;   0.0;  14.8; 1021.05;   20.6;   63.96;   26.8;   13.5;    8.7;eor
       2564;20220812;   10;   8.2;   3.3;    3;   0.0;   0;-999;   0;   0.0;  15.4; 1018.34;   21.7;   60.75;   27.9;   13.0;    8.7;eor
       2564;20220813;   10;   9.0;   2.8;    3;   0.0;   0;-999;   0;   1.0;  15.3; 1015.59;   23.7;   53.88;   29.7;   16.8;   11.8;eor
       2564;20220814;   10;   9.8;   4.3;    3;   0.0;   0;-999;   0;   6.4;  19.3; 1008.72;   22.4;   71.33;   26.5;   18.1;   15.3;eor
       2564;20220815;   10;   9.5;   3.6;    3;   2.6;   6;-999;   0;   5.0;  20.8; 1001.45;   22.8;   76.96;   29.7;   17.5;   15.6;eor
       2564;20220816;   10;   9.6;   3.1;    3;   0.0;   6;-999;   0;   4.5;  19.5; 1003.64;   22.7;   72.83;   28.2;   18.0;   14.9;eor
       2564;20220817;   10;  13.8;   2.8;    3;  15.9;   6;-999;   0;   6.8;  20.2; 1008.68;   20.2;   85.92;   24.4;   15.3;   13.3;eor
       2564;20220818;   10;   7.8;   2.8;    3;   0.0;   6;-999;   0;   3.8;  19.9; 1007.88;   21.4;   78.88;   26.4;   16.9;   14.6;eor
       2564;20220819;   10;   5.8;   2.5;    3;   0.0;   6;-999;   0;   6.6;  20.0; 1008.87;   18.7;   92.38;   21.6;   15.1;   12.2;eor
       2564;20220820;   10;  11.0;   3.9;    3;   0.0;   0;-999;   0;   5.8;  15.9; 1011.10;   18.9;   74.38;   23.9;   13.4;    9.3;eor
       2564;20220821;   10;   9.1;   3.1;    3;   0.0;   0;-999;   0;   3.5;  14.2; 1011.77;   18.5;   69.33;   24.8;   12.2;    7.9;eor
       2564;20220822;   10;   8.0;   3.1;    3;   0.0;   0;-999;   0;   5.3;  15.9; 1013.91;   18.7;   74.71;   22.8;   12.5;   10.0;eor
       2564;20220823;   10;   9.5;   3.2;    3;   0.0;   0;-999;   0;   4.3;  15.4; 1015.08;   21.1;   62.96;   26.5;   17.5;   14.0;eor
       2564;20220824;   10;   8.4;   3.4;    3;   0.0;   0;-999;   0;   0.4;  17.7; 1017.54;   21.2;   71.54;   26.8;   16.7;   14.7;eor
       2564;20220825;   10;  10.8;   4.4;    3;   0.0;   0;-999;   0;   3.5;  19.9; 1016.08;   20.8;   81.67;   25.5;   16.3;   14.0;eor
       2564;20220826;   10;   7.0;   2.8;    3;   0.0;   6;-999;   0;   6.5;  22.0; 1010.98;   21.1;   88.63;   26.9;   17.3;   15.4;eor
       2564;20220827;   10;   7.5;   4.0;    3;   0.0;   0;-999;   0;   5.0;  17.0; 1010.93;   19.0;   78.08;   24.2;   13.9;   12.7;eor
       2564;20220828;   10;  11.1;   4.7;    3;   0.0;   6;-999;   0;   2.3;  14.5; 1013.18;   17.0;   76.25;   22.8;   11.0;    8.3;eor
       2564;20220829;   10;  11.0;   3.8;    3;   0.0;   6;-999;   0;   6.9;  14.9; 1017.17;   16.8;   78.00;   18.9;   14.3;   10.0;eor
       2564;20220830;   10;  10.9;   4.2;    3;   0.0;   0;-999;   0;   4.3;  12.1; 1020.44;   17.1;   63.21;   20.8;   11.9;    9.3;eor
       2564;20220831;   10;   9.1;   3.1;    3;   0.0;   0;-999;   0;   1.2;  12.4; 1021.81;   16.3;   68.58;   21.1;    8.7;    6.1;eor
       2564;20220901;   10;   9.5;   2.9;    3;   0.0;   0;-999;   0;   0.4;  12.2; 1020.92;   15.8;   70.08;   21.0;    9.8;    6.7;eor
       2564;20220902;   10;  11.9;   4.2;    3;   0.0;   0;-999;   0;   2.0;  11.8; 1017.52;   16.9;   63.00;   21.7;   11.0;    6.1;eor
       2564;20220903;   10;  13.7;   5.4;    3;   0.0;   0;-999;   0;   5.4;  12.5; 1015.30;   17.7;   62.67;   22.0;   13.6;   10.6;eor
       2564;20220904;   10;  11.8;   4.5;    3;   0.0;   0;-999;   0;   6.9;  13.1; 1018.66;   18.2;   63.21;   22.6;   14.0;   12.5;eor
       2564;20220905;   10;  12.4;   4.8;    3;   0.0;   0;-999;   0;   7.5;  13.1; 1020.75;   18.4;   62.67;   23.5;   14.5;   10.1;eor
       2564;20220906;   10;  12.5;   5.4;    3;   0.0;   0;-999;   0;   7.8;  12.1; 1016.55;   17.4;   61.54;   21.6;   15.0;   13.5;eor
       2564;20220907;   10;   7.5;   3.4;    3;   1.2;   6;-999;   0;   8.0;  14.2; 1010.61;   16.8;   74.17;   21.5;   13.9;   12.6;eor
       2564;20220908;   10;  12.1;   4.3;    3;  23.2;   6;-999;   0;   6.9;  14.3; 1005.93;   14.8;   85.29;   16.8;   13.2;   12.3;eor
       2564;20220909;   10;   9.7;   2.4;    3;   2.3;   6;-999;   0;   7.4;  15.4; 1005.48;   15.8;   86.83;   21.7;   11.9;    8.7;eor
       2564;20220910;   10;   6.4;   2.3;    3;   2.2;   6;-999;   0;   6.9;  15.9; 1008.95;   15.5;   90.21;   18.8;   11.8;    9.1;eor
       2564;20220911;   10;   7.3;   2.3;    3;   0.1;   6;-999;   0;   5.8;  14.8; 1014.01;   15.4;   84.92;   19.8;   10.8;    7.0;eor
       2564;20220912;   10;   8.4;   2.4;    3;   1.3;   6;-999;   0;   7.6;  13.8; 1011.26;   16.2;   76.33;   21.3;    9.1;    5.5;eor
       2564;20220913;   10;  13.0;   5.4;    3;   0.0;   6;-999;   0;   6.7;  14.2; 1002.99;   16.4;   76.71;   20.0;   14.3;   12.4;eor
       2564;20220914;   10;  10.6;   3.8;    3;   0.4;   6;-999;   0;   7.7;  13.2; 1000.30;   14.8;   79.13;   19.3;   13.1;   11.7;eor
       2564;20220915;   10;  15.5;   5.4;    3;   0.2;   6;-999;   0;   4.4;  11.2;  998.50;   13.4;   73.42;   17.4;   10.0;    7.7;eor
       2564;20220916;   10;  16.7;   4.8;    3;   2.6;   6;-999;   0;   4.7;  11.8;  997.45;   12.0;   84.21;   15.4;    9.1;    7.4;eor
       2564;20220917;   10;  10.4;   4.2;    3;   6.2;   6;-999;   0;   6.7;  11.7; 1000.46;   11.9;   83.88;   16.0;    9.5;    7.8;eor
       2564;20220918;   10;  14.7;   5.5;    3;   3.9;   6;-999;   0;   5.5;  10.7; 1002.10;   11.0;   81.50;   13.8;    9.3;    8.0;eor
       2564;20220919;   10;   9.8;   3.9;    3;   0.4;   6;-999;   0;   3.5;  10.8; 1009.83;   11.6;   79.92;   18.1;    7.2;    5.2;eor
       2564;20220920;   10;   9.6;   2.5;    3;   0.0;   0;-999;   0;   0.3;   9.9; 1017.20;   10.7;   79.54;   16.8;    5.7;    1.8;eor
       2564;20220921;   10;   4.5;   1.8;    3;   0.0;   0;-999;   0;   3.5;  10.4; 1022.32;   11.2;   80.13;   17.1;    5.0;    1.6;eor
       2564;20220922;   10;   7.5;   1.6;    3;   0.0;   0;-999;   0;   3.9;  10.2; 1019.55;   12.1;   74.46;   18.0;    5.1;    2.0;eor
       2564;20220923;   10;   6.9;   2.3;    3;   0.0;   0;-999;   0;   7.9;  10.2; 1012.39;   13.3;   67.38;   18.1;    9.2;    5.8;eor
       2564;20220924;   10;   3.8;   1.3;    3;   6.3;   6;-999;   0;   7.7;  12.7; 1009.01;   12.6;   87.08;   15.9;    9.6;    6.1;eor
       2564;20220925;   10;   6.1;   2.3;    3;   0.0;   6;-999;   0;   7.6;  12.6; 1007.28;   12.2;   88.58;   15.0;    8.6;    5.1;eor
       2564;20220926;   10;  14.5;   5.1;    3;   5.1;   6;-999;   0;  -999;  11.4;  994.58;   11.1;   86.17;   13.2;    9.6;    8.9;eor
       2564;20220927;   10;   8.1;   3.0;    3;   5.1;   6;-999;   0;   7.7;  11.8;  988.76;   10.6;   91.96;   12.7;    7.4;    5.9;eor
       2564;20220928;   10;   5.0;   2.1;    3;   0.0;   6;-999;   0;   7.7;  10.4;  992.43;    9.0;   90.54;   13.0;    7.3;    4.0;eor
       2564;20220929;   10;  10.1;   3.3;    3;  11.9;   6;-999;   0;   7.5;  11.3;  997.18;    9.5;   94.96;   10.9;    7.1;    5.5;eor
       2564;20220930;   10;   8.6;   3.2;    3;   0.2;   6;-999;   0;   6.1;  11.3; 1003.70;   11.7;   82.71;   15.5;    9.8;    8.7;eor
       2564;20221001;    3;  14.1;   5.0;    3;   4.6;   6;-999;   0;   5.4;  11.6;  998.07;   11.8;   83.13;   16.7;    9.7;    8.1;eor
       2564;20221002;    3;  14.6;   4.8;    3;   1.0;   6;-999;   0;   2.3;  12.0; 1008.46;   12.2;   84.96;   16.2;   10.1;    8.4;eor
       2564;20221003;    3;  12.3;   4.7;    3;   0.0;   6;-999;   0;   4.1;  12.3; 1018.03;   12.5;   85.08;   17.3;    8.4;    5.3;eor
       2564;20221004;    3;  10.3;   3.2;    3;   0.0;   0;-999;   0;   7.4;  12.6; 1014.99;   13.4;   82.92;   17.4;   10.8;    8.5;eor
       2564;20221005;    3;  17.2;   5.1;    3;   1.7;   6;-999;   0;   8.0;  13.4; 1008.33;   15.1;   77.83;   17.0;   13.6;   12.6;eor
       2564;20221006;    3;  16.4;   6.2;    3;   0.0;   0;-999;   0;   3.0;  11.6; 1018.20;   13.6;   74.50;   16.4;    9.9;    7.9;eor
       2564;20221007;    3;  12.1;   4.9;    3;   2.2;   6;-999;   0;   4.3;  11.1; 1015.53;   12.9;   73.92;   16.9;    8.8;    7.3;eor
       2564;20221008;    3;  12.7;   4.2;    3;   3.3;   6;-999;   0;   3.7;  11.3; 1012.03;   11.5;   83.63;   14.4;    8.0;    3.1;eor
       2564;20221009;    3;   7.4;   2.8;    3;   0.0;   0;-999;   0;   4.0;  10.3; 1019.15;   10.8;   81.13;   15.4;    7.3;    4.2;eor
       2564;20221010;    3;  13.2;   4.0;    3;   1.6;   6;-999;   0;   4.4;  10.4; 1011.00;   11.1;   79.17;   16.2;    7.7;    5.1;eor
       2564;20221011;    3;   9.5;   3.1;    3;   0.0;   6;-999;   0;   3.8;  10.4; 1019.68;   10.5;   81.96;   14.7;    6.8;    2.0;eor
       2564;20221012;    3;   7.9;   2.3;    3;   0.0;   6;-999;   0;   3.8;  10.3; 1019.85;   11.5;   77.08;   15.9;    7.7;    3.5;eor
       2564;20221013;    3;   7.5;   2.8;    3;   1.1;   6;-999;   0;   7.4;  11.4; 1012.47;   11.1;   85.33;   13.5;    8.3;    5.5;eor
       2564;20221014;    3;   7.4;   2.3;    3;   2.2;   6;-999;   0;   7.7;  13.3; 1007.54;   12.9;   89.63;   15.2;   11.5;   10.4;eor
       2564;20221015;    3;   9.3;   3.5;    3;   1.1;   6;-999;   0;   7.4;  14.3; 1001.81;   14.0;   89.50;   16.6;   12.4;   11.5;eor
       2564;20221016;    3;  17.4;   4.7;    3;   0.0;   6;-999;   0;   5.5;  12.3; 1009.35;   13.4;   80.54;   16.9;   10.3;    6.0;eor
       2564;20221017;    3;  10.8;   3.5;    3;   3.2;   6;-999;   0;   7.8;  14.9; 1016.10;   14.9;   86.83;   19.3;   10.2;    7.3;eor
       2564;20221018;    3;  13.6;   4.4;    3;   0.1;   6;-999;   0;   6.9;  13.0; 1020.90;   13.2;   85.58;   16.5;   10.3;    8.9;eor
       2564;20221019;    3;   7.4;   2.9;    3;   0.0;   0;-999;   0;   3.6;   9.8; 1024.17;   10.0;   79.83;   13.2;    5.6;    0.3;eor
       2564;20221020;    3;  12.0;   4.1;    3;  14.0;   6;-999;   0;   7.1;   9.4; 1015.08;    9.7;   78.29;   13.1;    6.1;    3.1;eor
       2564;20221021;    3;   6.3;   2.2;    3;   0.1;   6;-999;   0;   7.6;  13.2; 1005.22;   12.1;   93.38;   15.0;    9.3;    7.7;eor
       2564;20221022;    3;   8.9;   2.7;    3;   0.1;   6;-999;   0;   7.2;  15.2; 1007.64;   14.5;   91.88;   18.4;   12.2;   10.4;eor
       2564;20221023;    3;   7.4;   2.8;    3;   0.3;   6;-999;   0;   7.9;  13.7; 1008.27;   12.6;   94.00;   15.2;    9.7;    8.6;eor
       2564;20221024;    3;  14.2;   4.6;    3;   0.9;   6;-999;   0;   5.1;  13.9; 1001.25;   15.1;   81.33;   18.5;   12.8;   11.5;eor
       2564;20221025;    3;  12.7;   4.6;    3;   0.1;   6;-999;   0;   5.9;  13.3; 1008.13;   13.3;   87.25;   15.8;   10.6;    8.5;eor
       2564;20221026;    3;   6.8;   2.7;    3;   0.0;   0;-999;   0;   6.7;  13.0; 1012.93;   13.1;   86.38;   17.1;    9.4;    5.2;eor
       2564;20221027;    3;   7.0;   3.0;    3;   0.1;   6;-999;   0;   7.9;  14.9; 1017.33;   14.9;   88.04;   18.4;   11.6;   10.0;eor
       2564;20221028;    3;  11.1;   3.6;    3;   0.0;   0;-999;   0;   6.8;  15.6; 1013.15;   16.7;   81.96;   20.7;   13.6;   12.0;eor
       2564;20221029;    3;  10.7;   2.6;    3;   0.0;   6;-999;   0;   7.9;  13.9; 1015.42;   13.4;   90.67;   15.4;   10.5;    7.7;eor
       2564;20221030;    3;   7.6;   2.4;    3;   0.0;   4;-999;   0;   5.5;  15.4; 1012.94;   14.6;   92.50;   19.0;   11.0;    7.2;eor
       2564;20221031;    3;   9.2;   2.7;    3;   0.0;   4;-999;   0;   7.3;  13.9; 1015.49;   12.6;   94.88;   15.3;   10.9;    7.2;eor
       2564;20221101;    3;  15.4;   4.9;    3;   0.4;   6;-999;   0;   5.6;  12.4; 1008.95;   14.2;   77.00;   17.2;   12.0;    9.8;eor
       2564;20221102;    3;  18.2;   5.3;    3;   2.4;   6;-999;   0;   4.3;  10.2; 1010.83;   10.8;   78.63;   13.0;    8.6;    6.5;eor
       2564;20221103;    3;  10.7;   5.0;    3;   0.2;   6;-999;   0;   8.0;   9.7; 1005.32;   10.6;   75.33;   13.2;    8.8;    6.8;eor
       2564;20221104;    3;  11.8;   4.2;    3;   0.2;   6;-999;   0;   6.6;  10.6; 1000.14;   10.2;   85.21;   12.3;    6.2;    1.8;eor
       2564;20221105;    3;  10.7;   3.7;    3;   1.3;   6;-999;   0;   4.0;   9.5; 1009.18;    8.7;   84.00;   12.1;    5.8;    2.2;eor
       2564;20221106;    3;  12.2;   5.2;    3;   1.9;   6;-999;   0;   7.8;  10.0; 1005.58;    9.8;   82.38;   12.0;    8.3;    7.3;eor
       2564;20221107;    3;  15.0;   5.8;    3;   2.2;   6;-999;   0;   7.4;  11.3; 1002.70;   11.7;   81.75;   13.3;    8.8;    7.9;eor
       2564;20221108;    3;  10.2;   4.7;    3;   0.0;   0;-999;   0;   7.7;  11.6; 1002.64;   13.2;   76.71;   14.9;   11.5;    9.9;eor
       2564;20221109;    3;  12.0;   5.0;    3;   5.2;   6;-999;   0;   6.8;  11.5; 1002.23;   12.7;   78.33;   15.2;    9.6;    8.4;eor
       2564;20221110;    3;  13.7;   5.3;    3;   0.0;   6;-999;   0;   7.1;  11.8; 1014.25;   11.7;   85.83;   13.8;    8.5;    6.9;eor
       2564;20221111;    3;  13.2;   6.2;    3;   0.0;   0;-999;   0;   7.9;  12.0; 1022.08;   12.5;   82.54;   13.4;   11.8;   11.3;eor
       2564;20221112;    3;   8.1;   2.4;    3;   0.0;   0;-999;   0;   6.8;  11.3; 1027.41;   10.6;   88.38;   13.9;    6.1;    0.9;eor
       2564;20221113;    3;  11.8;   3.3;    3;   0.1;   6;-999;   0;   7.7;  10.1; 1023.81;    8.1;   93.13;   10.0;    5.4;    1.3;eor
       2564;20221114;    3;  10.1;   4.2;    3;   0.0;   0;-999;   0;   4.5;   9.2; 1013.75;    7.8;   87.17;    9.6;    4.2;    1.8;eor
       2564;20221115;    3;  10.5;   3.3;    3;   0.0;   6;-999;   0;   5.8;   9.8; 1006.00;    7.9;   91.63;   10.1;    4.9;    2.2;eor
       2564;20221116;    3;  15.5;   6.9;    3;   0.1;   6;-999;   0;   7.7;   8.7; 1002.31;    7.4;   84.13;    8.2;    4.5;    3.1;eor
       2564;20221117;    3;  19.0;   8.8;    3;   0.0;   6;-999;   0;   7.8;   6.3;  998.46;    3.9;   78.67;    4.8;    3.1;    2.4;eor
       2564;20221118;    3;  14.7;   6.2;    3;   2.0;   8;-999;   0;   4.1;   5.6; 1005.84;    3.2;   73.83;    5.1;    1.0;   -1.5;eor
       2564;20221119;    3;  10.0;   3.7;    3;  21.3;   8;-999;   0;   6.6;   6.1; 1010.76;    2.7;   82.96;    5.3;    0.5;   -1.5;eor
       2564;20221120;    3;   8.4;   2.8;    3;   0.8;   8;-999;   4;   5.1;   5.5; 1005.17;    0.4;   87.63;    2.4;   -3.4;   -8.0;eor
       2564;20221121;    3;   8.8;   3.7;    3;   0.0;   7;-999;   4;   6.6;   5.0;  998.72;   -0.1;   82.83;    1.8;   -3.2;   -7.8;eor
       2564;20221122;    3;   9.8;   4.7;    3;   0.1;   8;-999;   4;   7.4;   5.8;  995.44;    0.8;   89.25;    1.8;   -1.5;   -2.3;eor
       2564;20221123;    3;   8.3;   4.1;    3;   0.7;   6;-999;   0;   6.3;   7.8;  997.21;    4.6;   91.08;    6.8;    1.8;    1.3;eor
       2564;20221124;    3;   7.7;   2.6;    3;   0.0;   0;-999;   0;   6.5;   9.0; 1004.79;    6.6;   92.00;    8.3;    4.6;    1.7;eor
       2564;20221125;    3;   7.5;   2.8;    3;   1.5;   6;-999;   0;   7.3;   9.0; 1011.37;    5.9;   96.63;    8.2;    4.0;    2.9;eor
       2564;20221126;    3;   7.3;   2.9;    3;   3.0;   6;-999;   0;   6.8;   9.6; 1022.12;    6.5;   98.88;    7.5;    4.6;    1.0;eor
       2564;20221127;    3;   7.9;   3.4;    3;   0.2;   6;-999;   0;   7.8;   8.4; 1018.37;    5.7;   90.79;    7.6;    4.2;    2.9;eor
       2564;20221128;    3;  11.7;   4.5;    3;   4.2;   6;-999;   0;   7.1;   7.5; 1010.34;    5.5;   82.75;    6.2;    4.5;    3.8;eor
       2564;20221129;    3;   8.6;   3.8;    3;   0.0;   6;-999;   0;   7.4;   7.5; 1015.99;    4.5;   89.71;    4.8;    4.2;    3.7;eor
       2564;20221130;    3;   5.9;   2.9;    3;   0.0;   6;-999;   0;   7.6;   7.7; 1022.33;    4.7;   89.58;    5.4;    4.3;    3.9;eor
       2564;20221201;    3;   6.2;   2.6;    3;   0.9;   8;-999;   0;   7.6;   7.2; 1025.80;    4.2;   87.25;    4.9;    2.1;    1.7;eor
       2564;20221202;    3;  11.6;   3.9;    3;   0.8;   8;-999;   0;   7.1;   6.8; 1025.22;    3.5;   86.50;    5.6;    1.2;    0.4;eor
       2564;20221203;    3;  11.4;   3.9;    3;   1.4;   6;-999;   0;   7.3;   6.8; 1021.93;    3.0;   88.75;    4.8;    0.3;    0.0;eor
       2564;20221204;    3;  15.8;   5.9;    3;   0.4;   6;-999;   0;   7.7;   7.0; 1019.51;    3.6;   86.71;    5.5;    0.3;   -0.1;eor
       2564;20221205;    3;  15.8;   7.2;    3;   3.3;   6;-999;   0;   7.8;   8.3; 1016.17;    5.1;   94.17;    5.7;    4.6;    4.1;eor
       2564;20221206;    3;   7.5;   3.0;    3;   1.6;   8;-999;   0;   7.1;   6.8; 1011.96;    2.9;   89.88;    4.8;   -0.4;   -3.3;eor
       2564;20221207;    3;  10.2;   3.1;    3;   1.4;   8;-999;   0;   7.5;   5.5; 1005.71;    0.7;   85.67;    2.7;   -1.3;   -4.6;eor
       2564;20221208;    3;   6.1;   2.3;    3;   0.0;   7;-999;   2;   6.6;   5.5; 1001.73;   -0.6;   93.88;    3.6;   -2.8;   -5.9;eor
       2564;20221209;    3;   8.8;   3.4;    3;   0.0;   0;-999;   1;   5.5;   5.5; 1003.10;    0.0;   90.71;    1.7;   -1.5;   -3.4;eor
       2564;20221210;    3;   6.1;   2.3;    3;   0.0;   7;-999;   0;   6.6;   4.6; 1007.44;   -1.8;   85.88;   -0.3;   -6.4;   -9.9;eor
       2564;20221211;    3;   3.9;   1.5;    3;   0.0;   8;-999;   1;   3.8;   4.0; 1008.04;   -3.8;   86.46;   -0.5;   -6.7;  -11.1;eor
       2564;20221212;    3;   5.4;   2.3;    3;   0.0;   0;-999;   1;   7.6;   4.7; 1009.05;   -2.1;   90.17;   -0.4;   -5.2;   -8.5;eor
       2564;20221213;    3;   8.1;   3.0;    3;   0.0;   7;-999;   1;   7.5;   4.4; 1006.82;   -2.4;   85.79;   -0.6;   -4.5;   -7.7;eor
       2564;20221214;    3;   7.1;   2.8;    3;   0.1;   7;-999;   0;   1.4;   3.4;  999.89;   -3.6;   73.42;    0.5;   -6.0;   -9.2;eor
       2564;20221215;    3;   6.3;   2.2;    3;   7.1;   8;-999;   1;   6.3;   4.7; 1002.16;   -2.6;   92.42;    0.0;   -5.5;   -8.4;eor
       2564;20221216;    3;   7.6;   2.5;    3;   0.0;   7;-999;  14;   5.5;   5.3; 1012.42;   -1.0;   92.50;    0.8;   -7.1;   -5.3;eor
       2564;20221217;    3;   7.8;   2.9;    3;   0.0;   0;-999;  13;   4.5;   3.8; 1021.06;   -5.5;   92.88;   -3.9;  -10.9;   -5.4;eor
       2564;20221218;    3;  11.3;   4.4;    3;   0.0;   8;-999;  10;   5.4;   3.6; 1024.38;   -3.8;   78.46;   -1.7;   -5.6;   -5.7;eor
       2564;20221219;    3;  10.8;   5.3;    3;   7.9;   8;-999;   9;   7.3;   6.6; 1011.87;    2.2;   89.17;    6.7;   -2.5;   -3.9;eor
       2564;20221220;    3;  10.2;   5.0;    3;   1.6;   6;-999;   0;   7.7;  10.4; 1005.69;    8.5;   93.58;    9.8;    6.7;    5.8;eor
       2564;20221221;    3;   9.5;   3.4;    3;   0.4;   6;-999;   0;   7.6;   9.3; 1003.65;    6.4;   96.38;    8.1;    5.3;    4.2;eor
       2564;20221222;    3;   9.7;   3.9;    3;   0.5;   6;-999;   0;   7.6;   9.2;  998.07;    6.9;   92.71;    7.7;    6.0;    5.2;eor
       2564;20221223;    3;   6.7;   2.8;    3;   0.0;   6;-999;   0;   6.5;   7.9;  999.69;    4.8;   91.63;    6.8;    1.0;   -3.3;eor
       2564;20221224;    3;   7.3;   2.7;    3;   5.1;   6;-999;   0;   7.5;   7.7; 1005.75;    3.7;   95.63;    7.0;    1.5;    0.0;eor
       2564;20221225;    3;   6.9;   2.5;    3;   4.3;   6;-999;   0;   7.5;   9.3; 1008.77;    6.6;   95.71;    7.8;    5.2;    2.7;eor
       2564;20221226;    3;  19.0;   4.7;    3;   6.4;   6;-999;   0;   6.4;   8.8; 1004.35;    6.4;   89.96;    9.2;    3.8;    2.4;eor
       2564;20221227;    3;  13.8;   5.2;    3;   3.7;   6;-999;   0;   5.5;   7.1; 1012.93;    3.6;   89.13;    5.2;    2.4;    0.8;eor
       2564;20221228;    3;  13.6;   6.3;    3;   7.9;   6;-999;   0;   6.8;   9.2; 1002.01;    7.0;   91.79;    8.9;    4.6;    3.8;eor
       2564;20221229;    3;  16.8;   6.9;    3;   0.5;   6;-999;   0;   6.9;   9.6;  994.29;    9.0;   83.38;   10.7;    7.3;    6.3;eor
       2564;20221230;    3;  16.9;   6.9;    3;   1.4;   6;-999;   0;   6.9;   8.4;  999.42;    7.3;   81.92;   11.6;    5.5;    3.9;eor
       2564;20221231;    3;  17.4;   5.9;    3;  16.1;   6;-999;   0;   7.2;  12.4;  997.35;   11.8;   89.21;   14.3;   10.1;    9.5;eor
       2564;20230101;    3;  19.6;   7.5;    3;   2.5;   6;-999;   0;   7.6;  10.8; 1005.14;   12.1;   76.17;   14.6;    9.4;    8.1;eor
       2564;20230102;    3;  12.3;   4.8;    3;  10.0;   6;-999;   0;   6.5;  10.7; 1008.08;    9.0;   92.58;   11.9;    5.4;    3.7;eor
       2564;20230103;    3;   8.8;   3.9;    3;   5.9;   6;-999;   0;   2.8;   7.2; 1019.95;    4.9;   83.17;    6.5;    3.4;   -0.7;eor
       2564;20230104;    3;  18.9;   8.2;    3;  14.7;   6;-999;   0;   7.1;  10.5; 1003.23;    9.1;   89.88;   11.5;    6.4;    5.2;eor
       2564;20230105;    3;  20.5;   6.8;    3;   2.9;   6;-999;   0;   6.5;   7.6; 1008.58;    5.8;   81.38;    8.5;    2.9;   -1.2;eor
       2564;20230106;    3;  14.5;   5.3;    3;   7.1;   6;-999;   0;   6.7;   9.3; 1009.44;    7.6;   89.08;    9.7;    4.9;    3.8;eor
       2564;20230107;    3;   9.5;   4.0;    3;   0.4;   6;-999;   0;   7.6;   9.9; 1006.85;    8.6;   87.92;   10.5;    5.3;    4.1;eor
       2564;20230108;    3;   9.0;   3.6;    3;   4.4;   6;-999;   0;   5.6;   9.1;  996.47;    8.2;   83.67;    9.8;    5.1;    3.1;eor
       2564;20230109;    3;   7.7;   2.7;    3;   2.2;   6;-999;   0;   6.1;   8.5;  993.51;    6.0;   91.29;    7.3;    4.2;    1.2;eor
       2564;20230110;    3;  14.3;   4.5;    3;   6.3;   6;-999;   0;   6.2;   8.3; 1006.99;    6.0;   89.21;    7.4;    4.7;    3.0;eor
       2564;20230111;    3;  13.8;   5.8;    3;   3.6;   6;-999;   0;   6.5;   9.4; 1000.78;    7.9;   87.58;    9.5;    5.5;    4.8;eor
       2564;20230112;    3;  19.7;   6.2;    3;   9.7;   6;-999;   0;   6.8;   9.9;  995.43;    8.2;   90.08;   11.2;    5.0;    4.0;eor
       2564;20230113;    3;  17.4;   7.8;    3;   3.6;   6;-999;   0;   6.3;   8.9;  994.13;    8.0;   82.96;   11.0;    7.3;    5.2;eor
       2564;20230114;    3;  16.5;   6.5;    3;   8.0;   6;-999;   0;   7.0;   9.1;  996.75;    7.5;   87.29;   10.2;    6.4;    4.7;eor
       2564;20230115;    3;  24.8;   8.4;    3;   2.9;   6;-999;   0;   6.5;   7.5;  986.95;    6.3;   78.13;    8.0;    4.8;    2.8;eor
       2564;20230116;    3;  12.5;   4.8;    3;   2.7;   6;-999;   0;   7.3;   7.2;  983.32;    5.3;   80.83;    6.3;    4.1;    2.5;eor
       2564;20230117;    3;  16.1;   5.3;    3;   1.5;   8;-999;   0;   5.5;   6.5;  977.25;    2.8;   86.58;    5.7;    0.7;   -1.1;eor
       2564;20230118;    3;  11.9;   4.3;    3;   0.1;   8;-999;   0;   4.0;   5.5;  989.08;    1.4;   80.92;    3.4;    0.1;   -1.7;eor
       2564;20230119;    3;  13.4;   5.4;    3;   1.9;   4;-999;   0;   7.5;   6.7;  995.28;    2.9;   89.25;    4.4;    1.4;   -0.5;eor
       2564;20230120;    3;  10.7;   3.7;    3;   0.2;   8;-999;   0;   7.3;   6.5; 1011.68;    1.9;   93.46;    2.6;    0.6;   -1.6;eor
       2564;20230121;    3;  12.4;   4.1;    3;   0.0;   0;-999;   0;   5.9;   6.4; 1028.15;    2.0;   90.96;    4.2;   -0.7;   -2.2;eor
       2564;20230122;    3;  12.2;   6.7;    3;   0.1;   6;-999;   0;   7.7;   6.1; 1031.14;    2.8;   80.71;    4.2;    1.0;    0.2;eor
       2564;20230123;    3;   8.8;   2.6;    3;   0.0;   6;-999;   0;   7.6;   6.7; 1035.40;    3.1;   87.38;    3.9;    2.3;    1.1;eor
       2564;20230124;    3;   5.7;   1.6;    3;   0.0;   0;-999;   0;   8.0;   5.6; 1036.56;    2.0;   78.75;    3.2;    0.3;   -0.2;eor
       2564;20230125;    3;   8.9;   4.0;    3;   0.3;   6;-999;   0;   7.9;   5.3; 1027.28;   -0.8;   92.75;    0.4;   -1.5;   -1.7;eor
       2564;20230126;    3;  12.0;   3.8;    3;   0.0;   6;-999;   0;   7.6;   6.8; 1019.23;    2.3;   94.00;    5.1;   -0.8;   -1.0;eor
       2564;20230127;    3;  10.8;   4.1;    3;   0.0;   6;-999;   0;   7.3;   5.9; 1025.04;    2.4;   81.21;    4.3;   -0.2;   -2.0;eor
       2564;20230128;    3;   7.8;   3.2;    3;   0.5;   6;-999;   0;   7.3;   5.8; 1023.94;    0.9;   86.92;    4.2;   -2.7;   -6.9;eor
       2564;20230129;    3;  19.2;   6.2;    3;   4.8;   6;-999;   0;   7.3;   8.1; 1014.45;    4.9;   93.67;    6.1;    4.2;    3.4;eor
       2564;20230130;    3;  18.9;   8.8;    3;   3.8;   6;-999;   0;   4.4;   7.3; 1001.91;    5.6;   80.21;    7.3;    3.2;    0.8;eor
       2564;20230131;    3;  20.6;   7.6;    3;   4.0;   6;-999;   0;   5.8;   7.7; 1006.63;    5.6;   84.17;    9.4;    2.9;    0.3;eor
       2564;20230201;    3;  20.6;   8.9;    3;   2.5;   6;-999;   0;   7.2;   7.6; 1001.73;    6.1;   80.63;    7.3;    4.1;    2.3;eor
       2564;20230202;    3;  11.9;   4.3;    3;   5.6;   6;-999;   0;   5.3;   7.3; 1012.44;    5.5;   80.54;    7.2;    4.1;   -0.3;eor
       2564;20230203;    3;  22.0;   9.3;    3;   1.4;   6;-999;   0;   7.4;   8.3; 1010.45;    6.8;   83.50;    8.5;    3.6;    1.6;eor
       2564;20230204;    3;   8.8;   2.8;    3;   0.0;   0;-999;   0;   7.2;   5.9; 1032.97;    2.3;   81.88;    4.2;    0.0;   -2.8;eor
       2564;20230205;    3;   9.0;   3.1;    3;   0.1;   8;-999;   0;   7.8;   5.6; 1033.35;    0.8;   86.29;    2.2;   -0.7;   -4.6;eor
       2564;20230206;    3;   4.5;   1.9;    3;   0.0;   0;-999;   0;   5.4;   6.3; 1037.20;    0.8;   96.38;    3.0;   -2.5;   -6.3;eor
       2564;20230207;    3;   6.4;   2.5;    3;   0.0;   0;-999;   0;   0.3;   5.3; 1037.28;    0.8;   82.21;    4.3;   -2.5;   -6.8;eor
       2564;20230208;    3;   9.2;   3.0;    3;   0.0;   0;-999;   0;   3.1;   4.5; 1034.23;    1.0;   69.13;    5.5;   -2.4;   -7.4;eor
       2564;20230209;    3;  10.5;   4.8;    3;   0.0;   6;-999;   0;   7.8;   5.3; 1024.97;    1.7;   75.25;    4.6;   -1.3;   -3.0;eor
       2564;20230210;    3;  16.0;   6.0;    3;   0.1;   6;-999;   0;   7.3;   7.9; 1025.64;    5.6;   86.79;    7.1;    3.8;    1.5;eor
       2564;20230211;    3;  13.9;   6.7;    3;   0.0;   6;-999;   0;   7.6;   9.8; 1023.60;    7.7;   92.67;    9.5;    5.7;    4.9;eor
       2564;20230212;    3;   9.2;   3.7;    3;   0.0;   6;-999;   0;   7.8;   9.6; 1032.44;    7.3;   93.96;    9.1;    6.2;    5.7;eor
       2564;20230213;    3;   6.8;   3.0;    3;   0.0;   0;-999;   0;   8.0;   7.3; 1033.26;    6.3;   76.46;    7.3;    5.2;    4.1;eor
       2564;20230214;    3;   5.6;   2.1;    3;   0.0;   0;-999;   0;   5.2;   6.6; 1031.00;    3.7;   82.92;    6.2;   -0.6;   -4.3;eor
       2564;20230215;    3;   5.5;   2.1;    3;   0.0;   0;-999;   0;   7.0;   7.3; 1022.09;    2.6;   99.50;    4.9;    0.0;   -4.6;eor
       2564;20230216;    3;   9.1;   3.6;    3;   1.1;   6;-999;   0;   7.5;   8.5; 1015.35;    5.6;   92.29;    7.6;    2.9;    0.4;eor
       2564;20230217;    3;  26.0;   9.8;    3;  11.8;   6;-999;   0;   7.3;   9.9; 1005.31;    8.9;   86.42;   12.2;    6.8;    4.9;eor
       2564;20230218;    3;  15.4;   5.3;    3;   4.4;   6;-999;   0;   6.9;   7.8; 1008.50;    5.2;   87.71;    7.2;    3.2;    1.4;eor
       2564;20230219;    3;  11.9;   4.5;    3;   0.2;   6;-999;   0;   5.5;   7.0; 1014.68;    4.8;   81.71;    8.1;    1.8;   -0.9;eor
       2564;20230220;    3;  21.3;   9.4;    3;   0.5;   6;-999;   0;   7.5;   9.8; 1007.14;    8.1;   89.58;   10.4;    5.7;    4.2;eor
       2564;20230221;    3;  12.0;   5.2;    3;   0.0;   6;-999;   0;   7.3;   8.5; 1010.14;    7.6;   81.63;   10.2;    5.3;   -0.2;eor
       2564;20230222;    3;   7.8;   2.6;    3;   0.0;   6;-999;   0;   7.9;   9.3; 1010.36;    7.7;   88.79;    9.6;    5.5;    3.0;eor
       2564;20230223;    3;  10.6;   4.1;    3;   0.6;   6;-999;   0;   7.0;   8.5; 1007.79;    6.9;   84.33;    8.8;    3.1;    0.7;eor
       2564;20230224;    3;  16.5;   6.3;    3;   3.7;   8;-999;   0;   6.8;   7.3;  995.58;    5.3;   81.79;    8.9;    3.3;    1.9;eor
       2564;20230225;    3;  16.7;   8.0;    3;   0.3;   8;-999;   0;   6.2;   5.1; 1003.47;    2.6;   68.88;    4.5;   -0.1;   -1.6;eor
       2564;20230226;    3;  10.9;   4.6;    3;   0.0;   0;-999;   0;   3.7;   4.8; 1020.03;    1.9;   68.83;    4.9;   -1.8;   -6.0;eor
       2564;20230227;    3;   5.5;   2.2;    3;   0.0;   6;-999;   0;   5.8;   5.9; 1026.62;    3.3;   77.38;    6.8;   -1.3;   -6.0;eor
       2564;20230228;    3;   5.1;   1.4;    3;   0.0;   0;-999;   0;   1.4;   6.4; 1028.10;    4.1;   78.54;    8.9;   -0.9;   -5.1;eor
       2564;20230301;    3;   5.0;   2.1;    3;   0.0;   0;-999;   0;   7.6;   6.1; 1026.32;    0.1;   98.96;    2.0;   -1.9;   -3.8;eor
       2564;20230302;    3;   4.2;   1.6;    3;   0.0;   0;-999;   0;   5.0;   6.6; 1022.61;    2.0;   92.88;    5.7;   -0.3;   -4.8;eor
       2564;20230303;    3;  12.0;   4.5;    3;   0.0;   6;-999;   0;   6.1;   6.6; 1018.39;    2.7;   89.33;    6.9;   -2.8;   -6.3;eor
       2564;20230304;    3;  14.0;   5.3;    3;   0.0;   6;-999;   0;   7.0;   5.9; 1013.70;    4.7;   68.38;    6.6;    1.1;   -1.1;eor
       2564;20230305;    3;  11.9;   4.3;    3;   0.2;   7;-999;   0;   7.1;   5.0; 1006.83;    2.0;   70.63;    4.7;   -0.3;   -2.7;eor
       2564;20230306;    3;  11.8;   3.9;    3;   0.5;   8;-999;   0;   7.3;   5.2;  997.80;    2.0;   74.54;    5.8;   -1.5;   -4.8;eor
       2564;20230307;    3;  21.1;   7.7;    3;   1.6;   8;-999;   0;   4.1;   5.3;  986.48;    1.8;   75.75;    4.6;   -1.9;   -7.5;eor
       2564;20230308;    3;   6.3;   2.4;    3;   0.2;   7;-999;   0;   6.9;   5.2;  992.77;    0.1;   83.63;    2.7;   -1.8;   -5.9;eor
       2564;20230309;    3;   5.4;   2.3;    3;   0.0;   0;-999;   0;   7.9;   5.2;  994.38;    1.3;   77.08;    4.2;   -1.5;   -4.2;eor
       2564;20230310;    3;  11.4;   5.5;    3;   0.1;   8;-999;   0;   7.5;   5.4;  989.58;    1.7;   78.04;    3.3;   -1.4;   -3.5;eor
       2564;20230311;    3;  19.4;   5.4;    3;   0.6;   8;-999;   0;   4.1;   5.5; 1001.07;    1.8;   79.46;    6.3;   -1.8;   -3.9;eor
       2564;20230312;    3;   9.8;   3.5;    3;   3.1;   8;-999;   0;   6.5;   6.2; 1002.88;    1.8;   87.96;    7.5;   -1.8;   -6.4;eor
       2564;20230313;    3;  24.3;   8.5;    3;   5.5;   6;-999;   0;   7.0;  10.0;  986.85;   11.0;   77.25;   15.0;    7.3;    6.4;eor
       2564;20230314;    3;  16.5;   7.2;    3;   3.8;   8;-999;   0;   5.5;   7.4;  987.78;    6.2;   75.71;   10.8;    1.2;   -0.3;eor
       2564;20230315;    3;  16.1;   5.3;    3;   0.8;   8;-999;   1;   4.0;   6.0; 1008.74;    2.7;   80.75;    6.3;   -0.4;   -4.2;eor
       2564;20230316;    3;  13.3;   4.6;    3;   0.0;   0;-999;   0;   7.0;   5.1; 1013.54;    4.8;   62.54;    8.3;   -0.2;   -5.0;eor
       2564;20230317;    3;   9.3;   3.7;    3;   0.2;   6;-999;   0;   8.0;   7.0; 1005.13;    9.7;   57.67;   15.7;    4.7;    2.9;eor
       2564;20230318;    3;  10.9;   3.1;    3;   0.0;   6;-999;   0;   7.2;  10.1; 1005.99;   10.5;   79.63;   13.7;    7.6;    4.0;eor
       2564;20230319;    3;   8.0;   2.7;    3;   0.1;   6;-999;   0;   7.3;  10.8; 1009.77;   10.2;   86.67;   15.1;    7.3;    4.0;eor
       2564;20230320;    3;  10.9;   4.3;    3;   2.6;   6;-999;   0;   7.5;   9.4; 1011.67;    7.1;   93.13;    8.9;    5.8;    5.1;eor
       2564;20230321;    3;   8.0;   3.3;    3;   1.7;   6;-999;   0;   7.0;  11.0; 1007.98;    8.9;   95.71;   10.4;    7.3;    6.8;eor
       2564;20230322;    3;  15.8;   5.4;    3;   7.6;   6;-999;   0;   6.9;  10.9; 1000.39;   10.3;   87.17;   13.4;    8.3;    6.6;eor
       2564;20230323;    3;  16.9;   5.6;    3;   3.8;   6;-999;   0;   5.6;  10.3;  996.65;   11.0;   79.04;   13.3;    8.6;    6.9;eor
       2564;20230324;    3;  22.4;   7.0;    3;   5.4;   6;-999;   0;   4.1;   9.9;  993.39;   10.7;   77.46;   12.6;    8.5;    5.6;eor
       2564;20230325;    3;  12.7;   5.2;    3;   5.0;   6;-999;   0;   7.1;   9.7;  993.53;    8.4;   87.58;   10.0;    7.0;    6.1;eor
       2564;20230326;    3;  12.0;   4.9;    3;   0.0;   0;-999;   0;   5.1;   6.5;  999.60;    5.9;   70.25;    9.8;    0.2;   -3.0;eor
       2564;20230327;    3;  17.0;   5.3;    3;   1.6;   8;-999;   0;   3.0;   5.4; 1009.40;    2.1;   76.71;    6.1;   -1.4;   -5.7;eor
       2564;20230328;    3;  10.2;   3.1;    3;   0.5;   6;-999;   0;   4.4;   5.4; 1017.64;    3.2;   70.79;    7.3;   -2.4;   -7.3;eor
       2564;20230329;    3;   8.1;   3.1;    3;   1.3;   6;-999;   0;   7.2;   8.2; 1009.45;    6.1;   86.42;    8.6;    2.7;    2.0;eor
       2564;20230330;    3;  17.4;   5.6;    3;   2.6;   6;-999;   0;   7.5;  11.1;  998.48;   10.3;   88.92;   14.1;    7.9;    7.1;eor
       2564;20230331;    3;  10.4;   3.2;    3;   4.3;   6;-999;   0;   7.5;  11.5;  992.72;   10.3;   91.17;   12.3;    6.8;    6.7;eor
       2564;20230401;    3;  16.8;   9.6;    3;   1.7;   6;-999;   0;   6.5;   7.0; 1001.50;    4.2;   83.88;    6.8;    2.5;    0.7;eor
       2564;20230402;    1;  12.1;   6.0;    1;   0.0;   0;-999;   0;   0.1;   5.3; 1022.52;    3.7;   66.92;    6.4;   -1.6;   -5.5;eor
       2564;20230403;    1;   8.6;   2.4;    1;   0.0;   0;-999;   0;   1.6;   5.0; 1030.45;    2.5;   70.21;    7.3;   -3.0;   -7.0;eor
       2564;20230404;    1;   7.0;   1.7;    1;   0.0;   0;-999;   0;   4.8;   4.4; 1025.72;    2.7;   61.58;    7.4;   -2.3;   -6.3;eor
       2564;20230405;    1;   7.1;   2.5;    1;   0.0;   0;-999;   0;   4.2;   5.5; 1019.68;    3.9;   69.83;    8.8;   -1.7;   -4.9;eor
       2564;20230406;    1;   9.8;   3.4;    1;   0.0;   0;-999;   0;   2.3;   5.7; 1015.54;    6.2;   62.96;   11.6;    0.5;   -4.2;eor
       2564;20230407;    1;  10.8;   5.2;    1;   0.0;   6;-999;   0;   4.4;   6.7; 1018.68;    5.6;   73.25;    8.2;    1.9;   -0.8;eor
       2564;20230408;    1;   9.1;   4.3;    1;   0.0;   0;-999;   0;   4.6;   8.2; 1023.51;    5.8;   88.08;    9.7;    2.8;   -0.6;eor
       2564;20230409;    1;   7.6;   2.9;    1;   0.0;   0;-999;   0;   5.8;   8.4; 1023.69;    7.2;   83.67;   11.5;    3.9;    1.4;eor
       2564;20230410;    1;  13.0;   4.9;    1;   4.9;   6;-999;   0;   7.5;   8.4; 1014.02;   11.5;   65.04;   16.3;    5.8;    3.6;eor
       2564;20230411;    1;  12.2;   4.2;    1;  17.5;   6;-999;   0;   6.7;   9.3; 1003.60;    7.6;   88.67;    9.9;    4.3;   -0.1;eor
       2564;20230412;    1;  14.2;   4.1;    1;   8.2;   6;-999;   0;   6.6;   8.4;  998.09;    7.4;   82.46;   11.5;    3.4;   -0.3;eor
       2564;20230413;    1;  17.3;   3.8;    1;   0.4;   6;-999;   0;   4.8;   8.4;  998.55;    7.5;   81.71;   13.1;    3.6;   -0.9;eor
       2564;20230414;    1;   7.9;   3.0;    1;   3.1;   6;-999;   0;   7.3;   8.7; 1007.78;    6.8;   88.21;   10.6;    0.9;   -2.9;eor
       2564;20230415;    1;  11.4;   5.2;    1;   0.0;   6;-999;   0;   7.7;  10.1; 1010.12;    9.0;   88.67;   12.2;    6.9;    6.5;eor
       2564;20230416;    1;   8.0;   3.1;    1;   0.0;   6;-999;   0;   8.0;   9.5; 1019.32;    8.9;   83.54;    9.9;    7.1;    4.5;eor
       2564;20230417;    1;   8.8;   3.7;    1;   0.0;   0;-999;   0;   3.1;   8.3; 1025.00;    8.4;   76.21;   11.8;    5.7;    2.6;eor
       2564;20230418;    1;  13.5;   5.6;    1;   0.0;   0;-999;   0;   5.5;   7.1; 1028.86;    8.0;   67.25;   11.7;    5.3;    3.1;eor
       2564;20230419;    1;  14.1;   6.0;    1;   0.0;   6;-999;   0;   2.5;   7.1; 1026.43;    9.1;   61.54;   12.5;    5.0;    2.5;eor
       2564;20230420;    1;  13.4;   7.5;    1;   0.0;   6;-999;   0;   4.5;   8.0; 1020.45;    8.5;   72.08;   12.1;    6.8;    5.5;eor
       2564;20230421;    1;  10.9;   6.0;    1;   0.0;   0;-999;   0;   0.2;   8.5; 1016.39;    9.9;   69.63;   14.2;    6.1;    3.2;eor
       2564;20230422;    1;  11.5;   4.0;    1;   0.6;   6;-999;   0;   4.6;   9.9; 1005.64;   14.6;   60.75;   21.8;    3.6;    0.8;eor
       2564;20230423;    1;   8.9;   3.5;    1;   1.1;   6;-999;   0;   7.1;  10.8; 1001.30;   12.4;   75.17;   16.7;    9.0;    8.2;eor
       2564;20230424;    1;  13.3;   5.5;    1;   5.2;   6;-999;   0;   7.3;  10.2;  996.27;   10.8;   79.54;   13.7;    7.1;    6.4;eor
       2564;20230425;    1;  18.1;   6.9;    1;   0.3;   6;-999;   0;   6.2;   6.9; 1003.90;    5.9;   73.75;    9.3;    3.4;    1.6;eor
       2564;20230426;    1;  16.7;   5.3;    1;   2.3;   6;-999;   0;   3.4;   6.4; 1011.30;    5.3;   72.38;   10.0;    2.0;   -1.3;eor
       2564;20230427;    1;  11.4;   3.9;    1;   0.0;   6;-999;   0;   3.1;   6.6; 1015.72;    5.4;   74.25;   10.1;    0.7;   -4.0;eor
       2564;20230428;    1;   9.6;   3.6;    1;   1.2;   6;-999;   0;   6.9;   7.8; 1011.43;    7.8;   75.21;   14.3;    0.8;   -4.2;eor
       2564;20230429;    1;  12.8;   4.7;    1;   0.0;   0;-999;   0;   3.8;   7.9; 1013.25;    9.0;   69.33;   14.4;    2.6;   -1.2;eor
       2564;20230430;    1;   8.2;   2.7;    1;   0.0;   0;-999;   0;   2.9;   6.7; 1019.67;    7.6;   65.21;   12.5;    0.9;   -3.3;eor
       2564;20230501;    1;   9.0;   3.5;    1;   0.1;   6;-999;   0;   7.9;   7.8; 1012.25;   11.6;   58.96;   17.8;    6.0;    2.2;eor
       2564;20230502;    1;  12.6;   5.4;    1;   0.0;   0;-999;   0;   4.6;   7.0; 1018.28;    7.6;   67.25;   12.0;    2.3;   -1.2;eor
       2564;20230503;    1;   7.8;   2.9;    1;   0.0;   0;-999;   0;   4.6;   7.2; 1024.92;    6.9;   72.96;   11.3;    1.3;   -2.7;eor
       2564;20230504;    1;  10.0;   3.7;    1;   0.0;   0;-999;   0;   6.7;   7.9; 1021.44;    8.6;   72.08;   13.0;    0.3;   -2.5;eor
       2564;20230505;    1;  19.4;   8.9;    1;  14.0;   6;-999;   0;   7.6;   8.5; 1017.52;    8.5;   77.08;   11.5;    6.1;    5.6;eor
       2564;20230506;    1;  12.0;   5.4;    1;   0.0;   6;-999;   0;   7.5;   9.3; 1017.15;    7.2;   91.42;    8.1;    6.3;    5.8;eor
       2564;20230507;    1;  11.1;   5.0;    1;   0.0;   0;-999;   0;   6.1;   9.7; 1020.11;   11.0;   74.42;   15.6;    7.9;    5.1;eor
       2564;20230508;    1;  11.5;   4.5;    1;   0.0;   0;-999;   0;   3.2;   7.8; 1020.77;   13.5;   52.71;   18.7;    7.7;    4.2;eor
       2564;20230509;    1;  13.0;   5.3;    1;   0.0;   0;-999;   0;   5.8;   8.1; 1011.64;   15.2;   48.17;   20.0;    9.4;    7.4;eor
       2564;20230510;    1;   8.8;   3.6;    1;   1.2;   6;-999;   0;   7.9;  11.3; 1006.68;   14.0;   70.63;   18.0;   11.1;    9.0;eor
       2564;20230511;    1;   7.6;   2.7;    1;   0.1;   6;-999;   0;   7.2;  13.2; 1012.72;   12.9;   88.54;   16.5;   11.3;   10.6;eor
       2564;20230512;    1;   9.7;   4.6;    1;   0.0;   0;-999;   0;   2.8;  10.8; 1017.85;   14.7;   65.79;   19.2;   10.5;    9.0;eor
       2564;20230513;    1;   8.9;   4.3;    1;   0.0;   0;-999;   0;   0.0;  10.9; 1019.60;   14.0;   69.50;   20.2;    8.7;    5.4;eor
       2564;20230514;    1;   8.6;   2.5;    1;   0.0;   0;-999;   0;   4.7;  10.7; 1015.07;   14.8;   65.46;   20.6;    7.3;    4.0;eor
       2564;20230515;    1;  11.0;   3.4;    1;   0.1;   6;-999;   0;   5.5;  11.0; 1008.01;   14.4;   69.88;   20.6;    8.2;    4.5;eor
       2564;20230516;    1;  15.7;   6.6;    1;   2.8;   6;-999;   0;   7.1;   9.1; 1011.04;    9.8;   75.63;   12.7;    7.4;    6.0;eor
       2564;20230517;    1;  14.0;   6.2;    1;   0.0;   0;-999;   0;   6.5;   7.1; 1019.94;    8.7;   63.25;   12.3;    4.0;    0.0;eor
       2564;20230518;    1;   6.4;   2.2;    1;   0.0;   0;-999;   0;   3.9;   7.8; 1025.56;    9.3;   67.04;   14.7;    3.4;   -0.7;eor
       2564;20230519;    1;   8.9;   3.2;    1;   0.0;   0;-999;   0;   4.6;   9.4; 1025.69;   10.5;   74.71;   14.3;    3.9;   -0.8;eor
       2564;20230520;    1;  12.9;   5.7;    1;   0.0;   6;-999;   0;   5.0;  10.4; 1023.44;   12.4;   72.17;   15.9;    8.2;    5.3;eor
       2564;20230521;    1;   8.9;   4.8;    1;   0.0;   0;-999;   0;   7.3;  13.4; 1017.26;   14.4;   81.25;   19.5;   10.2;    9.0;eor
       2564;20230522;    1;  10.3;   4.3;    1;   0.3;   6;-999;   0;   8.0;  13.8; 1012.67;   16.9;   72.58;   22.8;   12.2;   11.3;eor
       2564;20230523;    1;  12.8;   5.1;    1;   1.9;   6;-999;   0;   7.7;  11.5; 1011.94;   12.1;   80.83;   13.9;    9.6;    9.1;eor
       2564;20230524;    1;   8.2;   3.5;    1;   0.0;   0;-999;   0;   5.4;  11.2; 1017.21;   12.9;   76.13;   17.6;    9.5;    9.2;eor
       2564;20230525;    1;   9.0;   3.7;    1;   0.0;   0;-999;   0;   1.8;   9.8; 1022.32;   12.7;   68.33;   18.2;    7.5;    5.5;eor
       2564;20230526;    1;  10.9;   3.7;    1;   0.0;   0;-999;   0;   2.3;   9.0; 1025.60;   11.4;   67.79;   16.8;    5.4;    3.3;eor
       2564;20230527;    1;   7.6;   2.4;    1;   0.0;   0;-999;   0;   0.5;   9.6; 1023.63;   12.2;   69.96;   17.3;    5.0;    1.7;eor
       2564;20230528;    1;   7.1;   3.0;    1;   0.0;   0;-999;   0;   4.0;  10.3; 1018.95;   13.4;   67.92;   18.6;    6.0;    2.4;eor
       2564;20230529;    1;   8.4;   3.4;    1;   0.0;   6;-999;   0;   5.7;   8.7; 1020.56;   12.4;   62.75;   18.1;    5.1;    1.4;eor
       2564;20230530;    1;   6.7;   2.4;    1;   0.0;   6;-999;   0;   5.8;  10.6; 1023.08;   12.1;   75.79;   17.4;    6.4;    2.9;eor
       2564;20230531;    1;  11.5;   4.5;    1;   0.0;   0;-999;   0;   5.8;  11.4; 1020.88;   14.0;   73.42;   21.0;    5.9;    1.4;eor
       2564;20230601;    1;  11.4;   5.3;    1;   0.0;   0;-999;   0;   4.4;  10.6; 1015.19;   13.1;   71.42;   18.1;    7.3;    4.8;eor
       2564;20230602;    1;  10.4;   4.5;    1;   0.0;   0;-999;   0;   4.1;   9.8; 1019.15;   13.6;   64.17;   17.4;    6.5;    3.3;eor
       2564;20230603;    1;   7.4;   2.3;    1;   0.0;   0;-999;   0;   1.4;   8.6; 1020.72;   13.5;   58.67;   19.5;    4.7;    1.0;eor
       2564;20230604;    1;   6.7;   2.5;    1;   0.0;   0;-999;   0;   1.7;  10.7; 1019.67;   12.7;   73.79;   17.8;    5.6;    2.7;eor
       2564;20230605;    1;   6.2;   2.3;    1;   0.0;   0;-999;   0;   0.2;  11.9; 1019.07;   14.2;   75.08;   20.0;    6.4;    2.2;eor
       2564;20230606;    1;   8.6;   2.9;    1;   0.0;   0;-999;   0;   0.1;  12.1; 1017.41;   15.9;   70.00;   23.6;    8.2;    2.5;eor
       2564;20230607;    1;   8.3;   3.1;    1;   0.0;   0;-999;   0;   1.7;  11.8; 1016.77;   14.6;   74.17;   22.6;    7.4;    1.0;eor
       2564;20230608;    1;   5.5;   2.7;    1;   0.0;   0;-999;   0;   2.4;  11.9; 1015.11;   15.3;   70.83;   22.9;    8.4;    6.2;eor
       2564;20230609;    1;  10.1;   4.1;    1;   0.0;   0;-999;   0;   5.8;  14.1; 1015.57;   16.2;   77.54;   22.9;    7.5;    2.5;eor
       2564;20230610;    1;  13.2;   7.0;    1;   0.0;   0;-999;   0;   2.2;  13.2; 1017.40;   16.3;   71.42;   20.9;   12.7;   11.0;eor
       2564;20230611;    1;  11.2;   5.8;    1;   0.0;   0;-999;   0;   0.8;  13.1; 1018.35;   17.4;   67.21;   22.7;   13.1;   11.6;eor
       2564;20230612;    1;  11.5;   4.5;    1;   0.0;   0;-999;   0;   0.7;  12.8; 1016.98;   19.2;   60.13;   26.8;   13.1;    9.9;eor
       2564;20230613;    1;  13.9;   6.3;    1;   0.0;   0;-999;   0;   0.0;  11.5; 1015.83;   17.2;   60.13;   23.0;   12.2;    8.5;eor
