STATIONS_ID;MESS_DATUM;QN_3;  FX;  FM;QN_4; RSK;RSKF; SDK;SHK_TAG;  NM; VPM;  PM; TMK; UPM; TXK; TNK; TGK;eor
       2667;20211211;   10;   8.6;   2.0;    3;   0.6;   6;    0.133;   0;   7.3;   7.0; 1003.43;    2.9;   93.00;    6.5;   -0.4;   -1.3;eor
       2667;20211212;   10;   7.4;   3.1;    3;   7.1;   6;    0.000;   0;   7.8;   8.5; 1012.06;    5.4;   93.83;    7.8;    2.2;    1.0;eor
       2667;20211213;   10;   5.7;   2.2;    3;   0.0;   6;    0.033;   0;   7.4;   9.6; 1015.79;    8.2;   88.50;    9.9;    7.2;    6.0;eor
       2667;20211214;   10;   4.6;   1.8;    3;   0.0;   6;    0.000;   0;   7.7;   9.3; 1016.41;    7.6;   88.75;    8.3;    6.8;    6.4;eor
       2667;20211215;   10;   4.6;   1.5;    3;   0.1;   6;    0.033;   0;   7.8;  10.0; 1019.99;    8.4;   90.42;    9.8;    7.4;    6.9;eor
       2667;20211216;   10;   4.1;   1.1;    3;   0.0;   6;    0.000;   0;   7.3;  10.0; 1025.20;    8.4;   90.63;    9.9;    6.0;    3.6;eor
       2667;20211217;   10;   4.1;   1.2;    3;   0.0;   6;    0.000;   0;   6.3;   9.3; 1027.52;    7.0;   92.13;    8.5;    0.7;   -1.8;eor
       2667;20211218;   10;   4.6;   1.3;    3;   0.4;   6;    0.000;   0;   7.3;   7.7; 1026.48;    3.6;   96.92;    5.6;   -0.1;   -2.1;eor
       2667;20211219;   10;   8.2;   3.0;    3;   0.1;   6;    0.000;   0;   8.0;   8.5; 1019.08;    5.7;   92.96;    6.2;    5.3;    5.1;eor
       2667;20211220;   10;   5.7;   2.5;    3;   0.0;   0;    5.767;   0;   4.0;   6.1; 1015.35;    3.2;   78.33;    6.8;   -3.9;   -6.6;eor
       2667;20211221;   10;   3.6;   1.8;    3;   0.0;   0;    6.483;   0;   0.0;   4.2; 1014.40;   -2.3;   82.75;    3.6;   -7.6;   -9.0;eor
       2667;20211222;   10;   8.7;   3.8;    3;   0.0;   0;    5.250;   0;   4.6;   4.2; 1012.22;   -1.3;   76.79;    2.0;   -6.2;   -8.7;eor
       2667;20211223;   10;  10.1;   4.3;    3;   0.7;   6;    0.033;   0;   7.6;   5.7;  999.95;    2.2;   77.33;    7.2;   -1.3;   -2.4;eor
       2667;20211224;   10;  12.0;   3.8;    3;   7.0;   6;    0.050;   0;   7.4;   9.5;  993.48;    8.7;   83.79;   10.4;    6.6;    5.7;eor
       2667;20211225;   10;   8.7;   3.6;    3;   3.2;   8;    0.000;   0;   7.3;   6.7;  994.91;    3.1;   84.83;    7.2;   -0.2;   -1.0;eor
       2667;20211226;   10;  10.1;   5.1;    3;   0.0;   8;    0.000;   0;   7.4;   5.8;  994.76;    1.9;   82.46;    3.2;    0.1;    0.0;eor
       2667;20211227;   10;   7.7;   4.5;    3;   5.1;   6;    0.717;   0;   7.5;   8.3;  988.98;    5.6;   90.38;    8.0;    2.8;    2.4;eor
       2667;20211228;   10;  18.5;   4.7;    3;  13.6;   6;    0.283;   0;   7.2;  10.0;  983.57;    8.7;   88.88;   10.9;    6.8;    5.9;eor
       2667;20211229;   10;  12.2;   4.1;    3;   6.1;   6;    0.317;   0;   7.7;  10.6;  995.05;    9.6;   88.50;   13.0;    8.2;    7.4;eor
       2667;20211230;   10;  13.9;   4.2;    3;   0.0;   6;    0.017;   0;   7.3;  13.0; 1004.85;   13.5;   83.71;   15.2;   10.6;    9.4;eor
       2667;20211231;   10;  10.8;   3.6;    3;   0.0;   6;    0.950;   0;   7.2;  12.0; 1008.78;   13.5;   77.58;   15.5;   11.4;    9.6;eor
       2667;20220101;   10;   8.2;   3.4;    3;   0.3;   6;    2.250;   0;   7.4;  11.4; 1012.28;   12.3;   79.83;   14.6;    9.2;    6.2;eor
       2667;20220102;   10;  15.6;   4.0;    3;   5.9;   6;    0.033;   0;   7.3;  10.6; 1003.57;   11.1;   80.50;   13.6;    8.7;    7.8;eor
       2667;20220103;   10;  14.1;   4.1;    3;  13.0;   6;    0.117;   0;   7.3;   9.6;  999.70;    9.4;   81.58;   11.2;    7.6;    7.0;eor
       2667;20220104;   10;   8.6;   2.2;    3;  12.9;   6;    0.000;   0;   7.8;   9.2;  987.07;    6.5;   94.54;    8.0;    2.9;    2.7;eor
       2667;20220105;   10;  14.6;   5.7;    3;   1.5;   6;    0.000;   0;   6.6;   6.6;  995.12;    3.3;   85.79;    5.1;    0.9;   -0.7;eor
       2667;20220106;   10;   6.3;   2.4;    3;   0.4;   8;    0.350;   0;   5.2;   6.6; 1006.62;    2.4;   90.00;    4.5;   -0.3;   -1.5;eor
       2667;20220107;   10;  11.8;   3.7;    3;   0.7;   8;    0.100;   0;   7.1;   6.3; 1001.28;    2.7;   84.58;    5.4;    0.5;   -0.3;eor
       2667;20220108;   10;  11.1;   3.8;    3;  11.3;   8;    0.633;   0;   7.1;   6.3;  994.85;    2.4;   86.71;    4.2;   -0.4;   -2.3;eor
       2667;20220109;   10;  17.1;   4.5;    3;   0.2;   6;    0.017;   0;   7.0;   7.0;  988.63;    4.4;   84.33;    5.6;    1.3;    0.2;eor
       2667;20220110;   10;   5.1;   1.7;    3;   0.0;   0;    5.283;   0;   2.9;   6.0; 1009.75;    1.1;   90.88;    6.2;   -2.7;   -4.6;eor
       2667;20220111;   10;   5.7;   2.6;    3;   0.0;   7;    5.367;   0;   5.4;   5.5; 1021.79;    0.3;   89.29;    5.0;   -3.3;   -4.2;eor
       2667;20220112;   10;   3.6;   1.4;    3;   0.0;   0;    0.000;   0;   7.7;   5.9; 1027.22;    1.2;   88.79;    3.0;   -1.2;   -2.4;eor
       2667;20220113;   10;   5.1;   1.9;    3;   0.0;   0;    5.033;   0;   4.2;   6.0; 1028.60;    2.1;   85.00;    6.6;   -2.6;   -4.2;eor
       2667;20220114;   10;   4.6;   1.7;    3;   0.0;   0;    3.483;   0;   4.3;   5.9; 1023.81;    0.7;   91.04;    4.5;   -4.0;   -6.0;eor
       2667;20220115;   10;   8.2;   4.4;    3;   0.0;   0;    0.000;   0;   8.0;   6.4; 1016.77;    1.4;   94.08;    2.5;    0.2;    0.3;eor
       2667;20220116;   10;   9.9;   3.5;    3;   0.6;   6;    0.000;   0;   7.8;   6.9; 1014.12;    3.6;   86.46;    5.7;    1.6;    1.6;eor
       2667;20220117;   10;  10.8;   4.2;    3;   0.6;   6;    0.000;   0;   7.8;   8.3; 1021.38;    5.6;   91.00;    7.3;    4.1;    3.8;eor
       2667;20220118;   10;   5.1;   1.7;    3;   0.0;   6;    0.000;   0;   6.7;   8.1; 1025.19;    6.1;   85.88;    8.0;    1.2;   -2.0;eor
       2667;20220119;   10;   8.7;   3.1;    3;   2.9;   6;    0.000;   0;   7.3;   6.8; 1013.81;    3.8;   84.25;    5.6;    1.7;   -1.8;eor
       2667;20220120;   10;  14.6;   5.1;    3;   0.1;   8;    1.317;   0;   6.3;   6.3; 1015.10;    2.9;   83.13;    5.2;   -0.1;   -1.2;eor
       2667;20220121;   10;   9.3;   3.5;    3;   0.7;   6;    0.000;   0;   7.6;   6.6; 1021.14;    2.5;   89.50;    4.7;   -0.2;   -1.3;eor
       2667;20220122;   10;   9.3;   3.3;    3;   0.7;   6;    0.000;   0;   8.0;   8.0; 1021.93;    4.5;   94.21;    5.7;    3.4;    3.1;eor
       2667;20220123;   10;   4.6;   1.5;    3;   0.0;   6;    0.000;   0;   7.4;   7.3; 1023.63;    4.5;   86.96;    6.0;    1.1;   -2.2;eor
       2667;20220124;   10;   7.2;   3.0;    3;   0.0;   0;    0.033;   0;   6.9;   6.5; 1022.30;    3.5;   81.79;    4.5;   -0.2;   -2.8;eor
       2667;20220125;   10;   5.1;   1.9;    3;   0.0;   0;    0.000;   0;   8.0;   6.1; 1021.46;    2.3;   84.00;    3.0;    1.8;    1.6;eor
       2667;20220126;   10;   8.2;   3.3;    3;   0.0;   6;    0.000;   0;   8.0;   5.9; 1020.23;    2.0;   83.42;    2.5;    1.5;    1.2;eor
       2667;20220127;   10;  13.5;   4.8;    3;   3.1;   6;    0.000;   0;   7.6;   7.5; 1014.07;    4.8;   85.50;    7.6;    1.6;    1.3;eor
       2667;20220128;   10;  10.6;   3.6;    3;   0.0;   6;    4.450;   0;   5.5;   6.9; 1020.93;    4.8;   80.17;    8.2;    1.8;   -1.4;eor
       2667;20220129;   10;  16.3;   5.2;    3;   1.5;   6;    0.000;   0;   7.1;   8.9; 1013.84;    7.8;   82.88;   10.8;    5.0;    4.4;eor
       2667;20220130;   10;  13.7;   4.8;    3;   2.4;   6;    1.433;   0;   5.6;   6.3; 1015.27;    5.0;   71.67;    7.4;    1.1;   -1.8;eor
       2667;20220131;   10;  18.3;   7.4;    3;   7.5;   6;    0.000;   0;   8.0;   7.2; 1000.30;    4.3;   86.29;    5.6;    2.6;    1.6;eor
       2667;20220201;   10;  15.3;   5.7;    3;   3.1;   6;    0.000;   0;   7.3;   7.9; 1004.62;    5.3;   86.54;    8.6;    1.4;   -0.4;eor
       2667;20220202;   10;  15.6;   4.6;    3;   1.2;   6;    2.683;   0;   6.6;   8.3; 1007.20;    7.7;   79.21;   10.5;    5.8;    1.9;eor
       2667;20220203;   10;   7.7;   2.7;    3;   0.0;   6;    0.000;   0;   8.0;   9.0; 1005.38;    7.1;   88.96;    8.3;    6.0;    5.3;eor
       2667;20220204;   10;  17.3;   5.0;    3;   1.5;   6;    0.000;   0;   7.6;   7.7; 1000.35;    6.6;   78.42;    9.0;    2.5;    0.9;eor
       2667;20220205;   10;  12.9;   5.3;    3;   0.6;   6;    3.400;   0;   5.2;   6.2; 1008.07;    5.0;   71.83;    8.0;    2.4;    0.5;eor
       2667;20220206;   10;  21.9;   7.1;    3;  11.7;   8;    0.000;   0;   7.9;   7.8;  995.16;    6.3;   82.29;    8.1;    2.7;    2.0;eor
       2667;20220207;   10;  14.4;   5.3;    3;   1.3;   8;    0.383;   0;   6.8;   6.5; 1009.78;    4.5;   76.79;    7.3;    1.6;    0.1;eor
       2667;20220208;   10;   9.8;   3.5;    3;   1.8;   6;    0.000;   0;   7.7;   8.9; 1016.52;    7.9;   83.08;   10.6;    4.2;    3.7;eor
       2667;20220209;   10;   7.7;   2.6;    3;   0.0;   0;    0.000;   0;   6.0;   8.7; 1014.33;    8.4;   79.17;   10.3;    1.4;   -1.5;eor
       2667;20220210;   10;  11.1;   2.6;    3;   9.9;   6;    0.067;   0;   6.0;   7.9; 1009.09;    5.0;   90.25;    8.1;    1.7;   -1.7;eor
       2667;20220211;   10;  15.8;   4.4;    3;   0.0;   6;    3.167;   0;   4.1;   5.6; 1016.98;    3.3;   73.58;    7.7;   -2.2;   -5.2;eor
       2667;20220212;   10;  12.0;   3.6;    3;   0.0;   0;    8.433;   0;   4.3;   4.8; 1016.68;    1.4;   71.79;    6.8;   -4.6;   -7.3;eor
       2667;20220213;   10;  12.9;   4.8;    3;   0.0;   0;    8.450;   0;   4.7;   5.7; 1002.20;    5.2;   63.96;   11.8;   -2.1;   -6.2;eor
       2667;20220214;   10;  13.9;   5.0;    3;   0.0;   6;    2.433;   0;   5.9;   7.7;  992.31;    9.3;   65.54;   12.5;    4.4;    0.5;eor
       2667;20220215;   10;  12.5;   4.4;    3;   2.9;   6;    3.100;   0;   6.7;   7.2;  998.80;    7.3;   70.83;   10.2;    4.1;    1.0;eor
       2667;20220216;   10;  20.7;   6.3;    3;   1.5;   6;    0.000;   0;   7.7;  10.6;  988.63;   11.3;   78.58;   15.3;    7.1;    5.9;eor
       2667;20220217;   10;  25.4;   8.8;    3;   0.5;   8;    3.733;   0;   5.4;   7.8;  993.86;   10.0;   63.00;   13.8;    5.3;    3.6;eor
       2667;20220218;   10;  31.9;   7.8;    3;   2.3;   6;    0.233;   0;   6.3;   8.0;  991.82;    9.1;   68.67;   14.2;    5.9;    4.3;eor
       2667;20220219;   10;  21.1;   8.3;    3;   0.0;   6;    5.350;   0;   5.5;   5.6; 1000.55;    6.4;   58.29;    9.8;    4.0;    2.6;eor
       2667;20220220;   10;  24.2;   6.8;    3;  12.7;   8;    0.000;   0;   7.3;   8.7;  995.95;    8.7;   77.08;   11.8;    2.2;    0.2;eor
       2667;20220221;   10;  21.4;   8.5;    3;   2.4;   6;    1.633;   0;   6.8;   6.9;  991.91;    5.7;   75.29;    7.2;    3.1;    1.3;eor
       2667;20220222;   10;  18.5;   4.9;    3;   2.2;   6;    0.017;   0;   6.6;   8.0; 1006.36;    7.0;   79.63;   10.3;    2.7;    0.9;eor
       2667;20220223;   10;   8.2;   3.1;    3;   0.0;   0;    9.283;   0;   3.0;   6.9; 1012.28;    7.2;   69.83;   12.0;    1.7;   -1.9;eor
       2667;20220224;   10;  24.2;   4.8;    3;   4.5;   8;    0.567;   0;   7.3;   7.3; 1001.73;    6.9;   73.88;   12.0;    0.6;    0.0;eor
       2667;20220225;   10;  13.2;   3.9;    3;   3.0;   8;    1.083;   0;   4.9;   6.3; 1011.46;    3.3;   81.00;    7.2;   -1.1;   -2.5;eor
       2667;20220226;   10;   6.7;   2.0;    3;   0.0;   0;    6.267;   0;   3.2;   6.0; 1022.05;    2.9;   80.33;    7.3;   -0.4;   -3.5;eor
       2667;20220227;   10;  13.9;   4.9;    3;   0.0;   0;    9.700;   0;   0.1;   4.9; 1020.04;    4.3;   61.08;    9.4;   -3.2;   -4.9;eor
       2667;20220228;   10;  11.3;   3.9;    3;   0.0;   0;    9.850;   0;   0.2;   4.5; 1018.93;    5.2;   52.96;   10.8;   -4.1;   -6.6;eor
       2667;20220301;   10;   9.3;   3.8;    3;   0.0;   0;    3.400;   0;   5.4;   4.2; 1016.72;    4.8;   49.88;    9.2;    1.2;   -1.6;eor
       2667;20220302;   10;   6.7;   2.6;    3;   0.0;   0;    8.583;   0;   3.5;   3.9; 1011.45;    5.7;   44.71;   12.1;    0.2;   -2.2;eor
       2667;20220303;   10;   7.7;   2.9;    3;   0.0;   0;    9.367;   0;   0.3;   3.9; 1007.02;    5.2;   46.33;   12.8;   -2.7;   -6.6;eor
       2667;20220304;   10;   6.5;   2.5;    3;   0.0;   0;   10.133;   0;   0.0;   4.2; 1008.63;    3.9;   54.33;   11.1;   -3.9;   -7.2;eor
       2667;20220305;   10;   8.7;   3.5;    3;   0.0;   0;   10.150;   0;   0.0;   4.2; 1009.30;    2.9;   58.21;    9.0;   -1.7;   -5.3;eor
       2667;20220306;   10;  11.1;   2.5;    3;   0.0;   0;    5.833;   0;   3.1;   3.9; 1012.51;    1.4;   60.00;    8.1;   -4.1;   -7.3;eor
       2667;20220307;   10;   9.8;   2.9;    3;   0.0;   0;    9.983;   0;   1.5;   3.5; 1013.82;    1.6;   53.13;    7.8;   -4.9;   -8.5;eor
       2667;20220308;   10;  15.6;   5.0;    3;   0.0;   0;   10.367;   0;   0.2;   3.8; 1010.46;    4.6;   46.08;   10.5;   -1.6;   -6.0;eor
       2667;20220309;   10;   8.7;   3.7;    3;   0.0;   0;   10.467;   0;   0.3;   3.6; 1011.42;    6.8;   38.29;   13.5;   -0.3;   -4.4;eor
       2667;20220310;   10;  14.4;   4.3;    3;   0.0;   0;   10.617;   0;   0.2;   4.2; 1011.54;    8.9;   37.83;   16.2;   -1.2;   -5.5;eor
       2667;20220311;   10;  14.7;   7.3;    3;   0.0;   6;    9.950;   0;   2.8;   4.3; 1005.41;    8.8;   38.63;   13.2;    4.5;    2.7;eor
       2667;20220312;   10;  10.8;   5.0;    3;   0.0;   0;    6.083;   0;   6.5;   6.0; 1005.88;   10.1;   48.17;   14.5;    6.1;    0.9;eor
       2667;20220313;   10;  10.5;   4.2;    3;   9.7;   6;    5.900;   0;   5.9;   5.7; 1003.76;   10.4;   44.67;   17.1;    2.5;    0.8;eor
       2667;20220314;   10;   8.7;   2.9;    3;   0.2;   6;    2.533;   0;   6.2;   8.6; 1013.23;    8.9;   76.08;   13.6;    2.6;    0.3;eor
       2667;20220315;   10;   6.0;   2.2;    3;   1.3;   6;    0.000;   0;   7.3;   7.9; 1013.57;    6.1;   84.04;    9.3;    0.7;   -0.7;eor
       2667;20220316;   10;  13.4;   5.0;    3;   0.8;   6;    6.367;   0;   6.4;   7.8; 1011.85;    8.0;   74.00;   12.9;   -0.9;   -1.4;eor
       2667;20220317;   10;  10.8;   4.0;    3;   1.8;   6;    0.000;   0;   7.7;   8.2; 1017.22;    8.1;   75.63;   11.3;    1.3;   -0.7;eor
       2667;20220318;   10;  10.8;   2.8;    3;   0.0;   0;   10.817;   0;   2.5;   5.8; 1029.16;    7.0;   63.71;   16.1;   -2.1;   -4.5;eor
       2667;20220319;   10;  14.6;   4.9;    3;   0.0;   6;   10.583;   0;   1.2;   5.3; 1026.61;    7.6;   54.71;   14.4;   -0.6;   -3.9;eor
       2667;20220320;   10;  15.4;   4.6;    3;   0.0;   6;    3.050;   0;   5.8;   5.9; 1016.60;    8.0;   53.29;   12.5;    3.1;   -0.3;eor
       2667;20220321;   10;   9.8;   2.8;    3;   0.0;   0;   10.217;   0;   2.6;   7.1; 1018.77;   12.0;   51.79;   18.5;    5.1;    3.5;eor
       2667;20220322;   10;   7.5;   2.9;    3;   0.0;   0;   11.217;   0;   1.5;   5.2; 1019.29;   11.7;   39.88;   18.5;    3.5;   -0.5;eor
       2667;20220323;   10;   6.7;   2.2;    3;   0.0;   0;   11.217;   0;   0.0;   5.5; 1018.30;    9.8;   50.33;   18.9;   -0.4;   -3.2;eor
       2667;20220324;   10;   8.1;   2.2;    3;   0.0;   0;   11.183;   0;   0.0;   5.6; 1016.86;    9.0;   54.38;   18.4;   -0.9;   -3.7;eor
       2667;20220325;   10;   8.2;   2.4;    3;   0.0;   0;   11.367;   0;   0.2;   5.7; 1017.13;    9.7;   52.83;   18.4;   -1.0;   -3.3;eor
       2667;20220326;   10;  13.5;   2.2;    3;   0.0;   0;   11.017;   0;   0.1;   7.0; 1018.74;   10.6;   57.42;   19.1;    0.4;   -2.6;eor
       2667;20220327;   10;   6.7;   1.9;    3;   0.0;   0;   10.683;   0;   0.9;   9.2; 1017.51;   11.0;   71.46;   18.8;    2.1;   -0.3;eor
       2667;20220328;   10;   9.1;   2.5;    3;   0.0;   0;    9.850;   0;   2.7;   8.9; 1009.59;   11.9;   67.63;   20.1;    3.6;    0.7;eor
       2667;20220329;   10;   7.7;   2.2;    3;   0.5;   6;    2.183;   0;   7.8;   8.3;  999.33;   10.9;   64.96;   16.4;    6.0;    4.8;eor
       2667;20220330;   10;  10.3;   2.7;    3;   3.3;   6;    5.683;   0;   7.1;   7.1;  991.41;    9.5;   61.58;   14.3;    5.7;    5.2;eor
       2667;20220331;   10;   6.7;   2.7;    3;   8.7;   6;    0.000;   0;   8.0;   7.6;  987.44;    5.0;   87.42;    6.9;    2.3;    2.7;eor
       2667;20220401;   10;  13.4;   4.9;    3;   3.6;   8;    0.000;   0;   8.0;   5.8;  994.02;    1.5;   85.42;    2.8;    0.0;    0.0;eor
       2667;20220402;   10;  11.1;   4.0;    3;   0.0;   7;    1.200;   2;   7.0;   5.0; 1004.35;    1.4;   75.13;    4.5;   -0.4;   -2.8;eor
       2667;20220403;   10;   8.1;   2.6;    3;   0.0;   6;    4.283;   0;   5.8;   4.8; 1009.95;    3.4;   61.67;    8.0;   -1.2;   -2.0;eor
       2667;20220404;   10;  15.8;   5.7;    3;   7.1;   6;    1.133;   0;   6.8;   6.3; 1000.93;    4.7;   73.46;    7.8;   -0.4;   -2.9;eor
       2667;20220405;   10;  13.0;   5.0;    3;   4.9;   6;    0.000;   0;   7.8;  11.0;  994.85;   10.1;   88.67;   12.2;    7.6;    6.9;eor
       2667;20220406;   10;  12.7;   5.4;    3;   0.1;   6;    0.017;   0;   7.4;   8.4;  991.05;   10.3;   66.96;   11.8;    9.0;    8.2;eor
       2667;20220407;   10;  22.1;   8.4;    3;   9.6;   6;    4.117;   0;   5.7;   8.4;  979.04;   10.5;   66.54;   14.5;    5.3;    4.8;eor
       2667;20220408;   10;  11.3;   3.0;    3;   0.1;   6;    0.317;   0;   7.2;   7.2;  987.19;    5.6;   79.13;    8.1;    2.6;    0.5;eor
       2667;20220409;   10;  17.0;   5.4;    3;   0.3;   8;    4.200;   0;   5.0;   6.0;  999.88;    6.0;   65.29;   11.0;    1.6;   -1.3;eor
       2667;20220410;   10;   9.9;   2.6;    3;   0.0;   6;    7.017;   0;   4.9;   5.5; 1008.55;    5.2;   64.63;   11.2;   -0.7;   -3.1;eor
       2667;20220411;   10;  10.3;   4.1;    3;   0.0;   0;   11.517;   0;   5.8;   5.7; 1004.99;    9.9;   48.46;   16.1;    3.3;    0.8;eor
       2667;20220412;   10;  12.3;   4.9;    3;   0.0;   0;    9.450;   0;   7.2;   8.0;  999.51;   15.7;   45.21;   23.1;    8.8;    5.8;eor
       2667;20220413;   10;   7.9;   2.8;    3;   0.2;   6;    6.250;   0;   7.1;  11.5; 1004.42;   15.2;   67.08;   21.4;    7.7;    5.3;eor
       2667;20220414;   10;   7.9;   2.4;    3;   0.2;   6;    3.600;   0;   6.0;  11.6; 1009.58;   14.3;   73.04;   20.1;    9.5;    6.0;eor
       2667;20220415;   10;   8.7;   3.1;    3;   0.0;   0;   12.350;   0;   4.1;   9.4; 1014.81;   10.5;   75.75;   16.2;    3.1;    1.1;eor
       2667;20220416;   10;  11.8;   3.4;    3;   0.0;   0;   12.617;   0;   1.8;   6.2; 1018.87;   10.6;   53.38;   17.5;    3.4;    1.0;eor
       2667;20220417;   10;  10.6;   3.1;    3;   0.0;   0;   13.117;   0;   0.5;   5.0; 1014.67;   10.9;   41.21;   18.2;    0.6;   -2.5;eor
       2667;20220418;   10;   6.7;   2.4;    3;   0.0;   0;   13.017;   0;   1.1;   5.6; 1006.48;   11.8;   43.00;   19.8;    1.6;   -1.1;eor
       2667;20220419;   10;   9.9;   2.8;    3;   0.0;   0;   12.417;   0;   2.7;   6.4; 1001.83;   12.0;   49.38;   20.2;    0.5;   -1.2;eor
       2667;20220420;   10;  11.0;   3.8;    3;   0.0;   0;   13.233;   0;   0.9;   6.3; 1003.09;   12.3;   46.04;   18.7;    3.8;    1.6;eor
       2667;20220421;   10;   9.1;   3.1;    3;   0.0;   0;    6.950;   0;   4.5;   7.8;  999.43;   11.8;   58.75;   18.0;    2.5;   -0.1;eor
       2667;20220422;   10;  11.3;   4.2;    3;   0.0;   0;    6.533;   0;   4.1;   8.5;  993.78;   12.2;   62.42;   18.9;    3.2;    0.3;eor
       2667;20220423;   10;  13.4;   5.1;    3;   0.0;   0;    8.783;   0;   3.8;   8.8;  991.80;   13.4;   58.29;   17.9;    8.1;    4.0;eor
       2667;20220424;   10;  10.8;   3.6;    3;   8.2;   6;    4.900;   0;   5.1;   8.1;  990.77;   13.3;   54.79;   19.3;    4.6;    2.8;eor
       2667;20220425;   10;  12.9;   2.8;    3;   0.3;   6;    3.117;   0;   5.5;   9.5;  998.80;    9.6;   80.08;   14.9;    6.3;    4.5;eor
       2667;20220426;   10;  10.1;   2.5;    3;   4.6;   8;    0.200;   0;   6.8;  10.4; 1005.23;    8.9;   91.67;   12.6;    5.8;    4.7;eor
       2667;20220427;   10;   6.7;   2.2;    3;   0.0;   0;   10.817;   0;   2.7;   9.0; 1012.77;   11.0;   71.79;   17.5;    3.8;    2.3;eor
       2667;20220428;   10;   8.1;   2.1;    3;   0.0;   0;   12.783;   0;   2.2;   8.3; 1016.57;   11.5;   65.17;   18.5;    2.7;    0.8;eor
       2667;20220429;   10;   9.3;   2.9;    3;   2.5;   6;    1.883;   0;   7.5;   9.4; 1015.27;   11.1;   73.00;   17.5;    4.4;    3.3;eor
       2667;20220430;   10;   9.3;   3.9;    3;   0.0;   0;    4.750;   0;  -999;   8.0; 1013.31;    9.6;   68.46;   15.0;    4.3;    2.5;eor
       2667;20220501;   10;   8.7;   2.6;    3;   0.0;   0;    2.250;   0;  -999;   8.5; 1010.66;    9.8;   72.08;   16.3;    0.7;   -0.1;eor
       2667;20220502;   10;   7.7;   2.2;    3;   0.3;   4;    7.567;-999;  -999;   9.9; 1006.53;   12.9;   68.25;   20.0;    6.2;    4.9;eor
       2667;20220503;   10;   9.9;   3.2;    3;   0.0;   0;   12.367;-999;  -999;   9.0; 1005.60;   13.3;   62.00;   19.6;    6.9;    5.2;eor
       2667;20220504;   10;   9.1;   2.5;    3;   0.0;   4;    9.667;-999;  -999;   9.0; 1006.24;   11.8;   68.00;   18.5;    5.2;    3.9;eor
       2667;20220505;   10;   7.7;   2.3;    3;   0.0;   4;    7.283;-999;  -999;   9.0; 1010.00;   12.3;   65.42;   19.4;    4.9;    3.9;eor
       2667;20220506;   10;   8.7;   2.2;    3;   0.0;   4;   10.983;-999;  -999;   9.5; 1012.87;   13.4;   65.58;   21.5;    3.6;    1.2;eor
       2667;20220507;   10;   8.9;   2.2;    3;   0.2;   4;   10.467;-999;  -999;  11.0; 1011.44;   14.8;   69.17;   22.9;    5.9;    4.0;eor
       2667;20220508;   10;  11.1;   3.2;    3;   0.0;   4;    9.267;-999;  -999;  11.1; 1013.77;   14.2;   70.92;   20.8;    8.4;    6.2;eor
       2667;20220509;   10;   9.8;   2.3;    3;   0.0;   0;   12.350;-999;  -999;  10.9; 1012.65;   16.8;   60.38;   25.4;    5.1;    3.6;eor
       2667;20220510;   10;  10.8;   3.7;    3;   0.0;   0;    6.733;-999;  -999;  12.0; 1006.19;   20.2;   53.71;   27.1;   10.0;    8.2;eor
       2667;20220511;   10;  15.1;   4.0;    3;   0.0;   4;   10.717;-999;  -999;  12.7;  999.82;   22.0;   50.38;   29.0;   14.8;   13.4;eor
       2667;20220512;   10;  14.2;   3.6;    3;   0.0;   0;    9.350;-999;  -999;  10.7; 1006.28;   16.4;   59.13;   21.9;   10.2;    7.4;eor
       2667;20220513;   10;  11.7;   3.6;    3;   0.0;   0;   10.917;-999;  -999;   9.7; 1008.71;   14.8;   60.17;   20.7;    8.2;    6.0;eor
       2667;20220514;   10;   7.0;   2.1;    3;   0.0;   0;   13.683;-999;  -999;  10.4; 1009.60;   15.4;   62.71;   22.9;    6.8;    5.0;eor
       2667;20220515;   10;   8.9;   2.6;    3;   0.0;   0;   13.350;-999;  -999;  10.8; 1006.58;   18.4;   55.25;   26.8;    6.7;    4.9;eor
       2667;20220516;   10;  12.0;   2.7;    3;   8.3;   4;    3.883;-999;  -999;  14.5; 1004.99;   17.8;   71.79;   26.0;   11.5;    9.9;eor
       2667;20220517;   10;   6.7;   2.5;    3;   0.0;   4;    5.383;-999;  -999;  14.1; 1008.97;   18.8;   68.08;   25.6;    9.3;    7.7;eor
       2667;20220518;   10;   9.8;   3.5;    3;   0.0;   0;   11.883;-999;  -999;  14.6; 1008.82;   23.4;   52.63;   29.8;   16.8;   13.5;eor
       2667;20220519;   10;  20.7;   3.7;    3;   4.4;   4;    7.200;-999;  -999;  16.5; 1007.59;   20.7;   69.71;   30.3;   15.4;   14.5;eor
       2667;20220520;   10;  17.1;   3.7;    3;   5.1;   4;    2.600;-999;  -999;  17.6; 1006.87;   18.3;   83.46;   25.1;   12.0;   10.4;eor
       2667;20220521;   10;   9.9;   3.6;    3;   0.0;   0;    4.617;-999;   8.0;  11.0; 1009.57;   14.7;   67.63;   20.5;    9.9;    8.2;eor
       2667;20220522;   10;   7.2;   2.1;    3;   0.0;   0;   13.550;-999;   6.3;  10.9; 1003.20;   16.9;   61.17;   23.9;    8.7;    6.8;eor
       2667;20220523;   10;  14.6;   4.0;    3;  17.2;   4;    2.133;-999;   7.7;  15.3;  991.23;   17.9;   74.25;   24.0;   13.5;   11.9;eor
       2667;20220524;   10;  12.9;   3.6;    3;   6.7;   4;    4.033;-999;   7.5;  12.0;  995.91;   13.9;   76.54;   19.0;    9.5;    9.0;eor
       2667;20220525;   10;  11.1;   3.7;    3;   0.0;   4;    9.567;-999;   5.1;  10.2; 1004.44;   15.3;   61.54;   20.8;    9.1;    7.5;eor
       2667;20220526;   10;  12.5;   5.1;    3;   0.0;   4;    5.333;-999;   7.3;  12.4; 1009.26;   17.6;   62.21;   21.9;   14.1;   13.4;eor
       2667;20220527;   10;  15.8;   5.8;    3;   2.2;   4;    7.567;-999;   4.3;  11.3; 1009.49;   15.0;   67.25;   20.5;    7.3;    4.9;eor
       2667;20220528;   10;  10.8;   4.6;    3;   0.0;   0;    8.067;-999;   3.5;   8.4; 1008.51;   12.2;   60.83;   17.5;    6.3;    4.1;eor
       2667;20220529;   10;  11.5;   2.6;    3;   3.6;   4;    2.217;-999;   6.7;   9.6; 1003.25;    9.3;   82.25;   14.6;    4.2;    2.6;eor
       2667;20220530;   10;   5.5;   1.6;    3;   0.0;   4;    3.033;-999;   8.0;   9.4; 1001.91;   11.1;   73.33;   16.3;    6.1;    5.3;eor
       2667;20220531;   10;   7.7;   2.0;    3;   0.5;   4;    5.850;-999;   6.7;   9.6; 1001.51;   13.1;   65.33;   20.0;    7.2;    5.5;eor
       2667;20220601;   10;  13.0;   3.3;    3;   0.0;   4;    9.100;-999;   3.7;  10.0; 1004.20;   12.7;   70.17;   19.1;    6.7;    4.5;eor
       2667;20220602;   10;   7.9;   2.2;    3;   0.0;   0;   15.000;-999;   1.5;   9.5; 1008.79;   14.1;   63.04;   21.6;    3.6;    2.2;eor
       2667;20220603;   10;   7.2;   2.2;    3;   0.0;   0;    9.867;-999;   5.6;  11.9; 1005.29;   18.4;   58.50;   26.4;    6.3;    4.9;eor
       2667;20220604;   10;   8.7;   2.1;    3;   0.0;   0;    9.550;-999;   6.7;  15.5; 1006.25;   20.1;   67.21;   27.0;   11.5;   10.9;eor
       2667;20220605;   10;  14.7;   4.2;    3;   5.3;   4;    0.850;-999;   7.9;  16.9; 1002.35;   18.7;   77.75;   21.3;   16.6;   15.2;eor
       2667;20220606;   10;  12.9;   4.1;    3;   0.5;   4;    8.583;-999;   6.0;  13.0; 1003.64;   18.2;   63.75;   22.7;   12.4;   10.4;eor
       2667;20220607;   10;   9.4;   2.5;    3;   7.9;   4;    2.600;-999;   5.9;  14.4; 1002.02;   16.0;   79.25;   20.5;   11.5;    9.4;eor
       2667;20220608;   10;  10.8;   2.7;    3;   5.5;   4;    1.817;-999;   7.8;  15.6;  997.38;   15.7;   88.21;   20.4;   12.8;   12.0;eor
       2667;20220609;   10;   8.7;   3.1;    3;   1.5;   4;    4.933;-999;   5.5;  13.9; 1003.97;   15.5;   79.38;   19.9;   10.8;    9.1;eor
       2667;20220610;   10;   7.2;   2.4;    3;   0.0;   0;    4.833;-999;   5.4;  13.8; 1010.69;   17.6;   70.13;   24.0;    9.2;    7.7;eor
       2667;20220611;   10;   7.7;   2.4;    3;   0.0;   0;    5.667;-999;   6.0;  15.8; 1010.70;   20.5;   66.54;   25.2;   14.6;   12.9;eor
       2667;20220612;   10;   9.4;   3.1;    3;   0.0;   4;   14.350;-999;   3.9;  12.6; 1010.16;   18.5;   62.38;   24.2;   10.6;    9.2;eor
       2667;20220613;   10;  12.2;   3.6;    3;   0.0;   4;    8.300;-999;   4.0;  11.1; 1010.52;   15.4;   65.25;   21.4;    8.8;    6.9;eor
       2667;20220614;   10;   8.1;   1.9;    3;   0.0;   0;   15.000;-999;   2.8;  10.1; 1010.04;   16.0;   60.08;   23.8;    5.8;    4.5;eor
       2667;20220615;   10;  10.8;   2.2;    3;   0.0;   0;   14.050;-999;   2.0;  12.4; 1005.88;   20.0;   58.17;   29.1;    8.6;    7.4;eor
       2667;20220616;   10;  10.8;   3.6;    3;   0.0;   4;   13.833;-999;   3.6;  11.9; 1009.50;   19.4;   55.67;   25.5;   12.8;   10.7;eor
       2667;20220617;   10;   8.1;   2.7;    3;   0.0;   0;   13.950;-999;   6.9;  12.5; 1011.24;   21.6;   53.21;   30.2;    9.8;    8.5;eor
       2667;20220618;   10;   9.6;   2.7;    3;   0.0;   0;   12.783;-999;   0.9;  15.5; 1004.04;   27.4;   44.54;   35.5;   16.5;   15.2;eor
       2667;20220619;   10;  12.9;   4.7;    3;  11.5;   4;   10.283;-999;   3.5;  14.4;  998.26;   21.2;   58.54;   26.3;   15.1;   14.6;eor
       2667;20220620;   10;  11.1;   3.7;    3;   4.3;   4;    6.133;-999;   4.8;  12.9; 1003.46;   15.4;   76.08;   21.1;    8.6;    7.2;eor
       2667;20220621;   10;   6.3;   2.3;    3;   0.0;   0;    8.817;-999;   5.2;  11.7; 1002.81;   16.7;   64.25;   23.8;    6.0;    5.3;eor
       2667;20220622;   10;   7.7;   2.1;    3;   0.0;   0;   14.333;-999;   4.1;  12.5; 1000.13;   20.3;   57.79;   29.3;    8.8;    8.2;eor
       2667;20220623;   10;   9.3;   3.4;    3;  13.8;   4;   14.600;-999;   2.7;  16.7;  998.95;   24.4;   54.92;   31.1;   15.0;   13.9;eor
       2667;20220624;   10;  11.7;   3.0;    3;   5.9;   4;    3.033;-999;   7.5;  18.7;  996.58;   19.8;   81.46;   25.0;   15.7;   14.7;eor
       2667;20220625;   10;  11.3;   2.8;    3;   0.9;   4;    8.267;-999;   4.5;  16.3; 1000.32;   21.0;   66.92;   26.0;   15.6;   14.5;eor
       2667;20220626;   10;   6.2;   2.1;    3;   1.8;   4;    0.617;-999;   7.6;  16.6; 1003.79;   17.6;   82.96;   21.2;   14.5;   13.8;eor
       2667;20220627;   10;  13.4;   1.9;    3;   4.1;   4;    1.217;-999;   6.8;  16.4; 1005.60;   16.6;   87.21;   21.4;   10.5;    9.1;eor
       2667;20220628;   10;   7.7;   2.3;    3;   0.0;   4;   14.367;-999;   3.5;  12.9; 1008.78;   18.1;   66.42;   25.1;    9.0;    7.9;eor
       2667;20220629;   10;   5.1;   1.8;    3;   0.0;   0;    7.233;-999;   4.8;  15.0; 1002.48;   19.8;   67.46;   27.4;   12.6;   11.4;eor
       2667;20220630;   10;  14.7;   3.1;    3;   2.2;   6;   11.500;-999;   3.4;  16.5; 1000.14;   21.0;   71.21;   31.1;   13.8;   13.2;eor
       2667;20220701;   10;   8.1;   2.9;    3;   0.0;   6;    5.500;-999;   6.3;  12.6; 1007.29;   16.8;   67.75;   22.1;   10.8;    9.5;eor
       2667;20220702;   10;  10.1;   2.8;    3;   0.0;   0;   12.783;-999;   1.2;  12.2; 1009.08;   19.1;   59.75;   26.9;    8.8;    7.1;eor
       2667;20220703;   10;   9.8;   3.3;    3;   0.0;   0;   11.783;-999;   2.5;  13.7; 1006.59;   19.8;   61.33;   26.8;   11.4;   10.4;eor
       2667;20220704;   10;   7.7;   2.3;    3;   0.0;   0;   14.300;-999;   1.2;  11.8; 1008.71;   18.3;   59.46;   25.3;   10.4;    8.7;eor
       2667;20220705;   10;  10.6;   3.5;    3;   0.0;   0;    9.933;-999;   3.8;  12.2; 1010.53;   18.6;   60.08;   25.1;    9.9;    9.4;eor
       2667;20220706;   10;   8.6;   3.3;    3;   0.0;   6;    8.083;-999;   6.0;  11.0; 1013.13;   16.5;   59.79;   21.7;    9.8;    8.2;eor
       2667;20220707;   10;  14.9;   5.5;    3;   3.5;   6;    2.733;-999;   7.0;  14.1; 1011.56;   17.2;   71.50;   20.5;   15.0;   13.7;eor
       2667;20220708;   10;   8.6;   3.3;    3;   0.0;   0;    7.283;-999;   6.2;  12.9; 1018.47;   17.7;   64.50;   24.0;   12.2;   10.7;eor
       2667;20220709;   10;  10.3;   3.6;    3;   0.5;   6;    5.567;-999;   7.0;  14.6; 1014.84;   18.4;   70.38;   24.9;   12.2;   10.9;eor
       2667;20220710;   10;   9.3;   2.7;    3;   0.0;   6;    1.683;-999;   7.5;  13.4; 1013.90;   15.2;   77.29;   18.0;   10.3;    8.0;eor
       2667;20220711;   10;   5.7;   2.2;    3;   0.0;   0;    1.950;-999;   7.4;  15.6; 1012.30;   17.5;   78.58;   21.6;   12.6;   11.0;eor
       2667;20220712;   10;   9.1;   1.8;    3;   0.0;   6;   12.433;-999;   6.1;  14.5; 1012.70;   20.6;   64.63;   29.4;   10.1;    8.3;eor
       2667;20220713;   10;  13.2;   3.5;    3;   0.0;   6;    3.667;-999;   7.9;  15.5; 1008.94;   23.7;   55.96;   32.1;   17.2;   17.1;eor
       2667;20220714;   10;  11.7;   4.1;    3;   0.0;   6;    5.033;-999;   6.3;  13.7; 1008.06;   20.0;   60.54;   26.2;   12.5;   10.5;eor
       2667;20220715;   10;   8.1;   3.1;    3;   0.0;   0;    8.267;-999;   3.9;  11.0; 1010.62;   16.9;   60.04;   23.4;   11.5;    9.7;eor
       2667;20220716;   10;  10.8;   3.3;    3;   0.0;   0;    8.900;-999;   4.4;  11.2; 1012.03;   17.6;   58.54;   24.6;    9.1;    8.1;eor
       2667;20220717;   10;   6.7;   2.1;    3;   0.0;   0;   14.350;-999;   3.3;  10.4; 1014.52;   18.8;   53.21;   27.8;    7.3;    5.8;eor
       2667;20220718;   10;   7.4;   2.1;    3;   0.0;   0;   14.967;-999;   5.0;  11.0; 1010.56;   24.3;   41.96;   35.1;   11.3;    9.7;eor
       2667;20220719;   10;  11.0;   3.6;    3;   0.0;   0;   14.917;-999;   0.0;  11.3; 1005.44;   28.4;   33.83;   38.0;   15.8;   12.8;eor
       2667;20220720;   10;  11.1;   4.0;    3;   9.3;   6;    9.600;-999;   3.8;  15.7; 1005.26;   26.3;   46.67;   31.7;   17.8;   17.2;eor
       2667;20220721;   10;  10.1;   3.3;    3;   8.2;   6;    2.083;-999;   7.6;  18.6; 1008.26;   18.6;   87.29;   23.3;   16.3;   16.1;eor
       2667;20220722;   10;   7.7;   2.4;    3;   0.4;   6;    3.200;-999;   7.9;  16.5; 1008.04;   18.4;   78.88;   23.1;   15.5;   15.6;eor
       2667;20220723;   10;   8.1;   2.8;    3;   0.0;   0;   13.333;-999;   4.8;  15.2; 1007.44;   20.1;   67.71;   26.5;   14.1;   13.4;eor
       2667;20220724;   10;   6.7;   2.5;    3;   0.0;   0;   13.883;-999;   4.6;  14.8; 1005.76;   24.1;   53.38;   32.3;   12.8;   12.0;eor
       2667;20220725;   10;  13.9;   4.0;    3;   0.1;   6;    6.950;-999;   5.6;  15.6;  999.47;   23.8;   53.38;   30.4;   17.2;   15.5;eor
       2667;20220726;   10;  10.1;   4.0;    3;   1.2;   6;    3.617;-999;   6.8;  15.1; 1004.90;   19.2;   68.25;   24.2;   16.2;   15.4;eor
       2667;20220727;   10;   8.9;   3.5;    3;   0.0;   0;    8.467;-999;   5.8;  10.8; 1007.73;   16.6;   58.83;   22.4;   11.5;    9.8;eor
       2667;20220728;   10;   8.7;   2.4;    3;   0.0;   0;    7.500;-999;   7.7;  11.3; 1005.21;   19.1;   54.38;   26.4;    8.4;    7.7;eor
       2667;20220729;   10;   9.1;   2.9;    3;   0.0;   0;    9.017;-999;   7.1;  13.1; 1004.28;   20.6;   55.25;   26.9;   14.2;   12.8;eor
       2667;20220730;   10;   9.3;   2.7;    3;   0.0;   6;   12.267;-999;   5.3;  13.8; 1007.00;   20.2;   61.25;   27.1;   12.6;   11.5;eor
       2667;20220731;   10;  11.1;   3.3;    3;   0.1;   6;    3.383;-999;   7.6;  16.1; 1005.24;   22.4;   60.13;   28.8;   15.8;   15.4;eor
       2667;20220801;   10;   8.7;   3.3;    3;   0.1;   6;    3.450;-999;   6.3;  17.2; 1006.03;   21.5;   68.38;   26.5;   13.9;   12.3;eor
       2667;20220802;   10;   8.2;   2.6;    3;   0.0;   0;   12.167;-999;   5.5;  15.1; 1006.02;   22.0;   62.00;   30.7;   12.0;   10.2;eor
       2667;20220803;   10;   8.7;   2.3;    3;   0.0;   0;   13.467;-999;   2.5;  16.2; 1003.52;   25.2;   54.88;   34.8;   15.0;   13.9;eor
       2667;20220804;   10;  10.3;   3.1;    3;   3.8;   6;    8.300;-999;   6.5;  18.3; 1001.53;   25.4;   60.67;   36.0;   16.0;   15.6;eor
       2667;20220805;   10;   9.8;   3.5;    3;   0.0;   6;    1.783;-999;   6.6;  17.0; 1006.40;   18.7;   78.75;   23.4;   11.8;   10.3;eor
       2667;20220806;   10;  10.1;   2.4;    3;   0.0;   0;   11.900;-999;   1.9;  10.3; 1014.96;   16.0;   60.75;   23.2;    8.3;    6.3;eor
       2667;20220807;   10;  11.1;   2.3;    3;   0.0;   0;   13.900;-999;   3.0;   9.6; 1012.32;   17.6;   53.38;   26.8;    6.7;    5.1;eor
       2667;20220808;   10;  10.5;   2.8;    3;   0.0;   0;   13.900;-999;   1.8;  11.5; 1012.52;   19.6;   54.67;   28.5;    8.7;    6.9;eor
       2667;20220809;   10;   9.3;   2.8;    3;   0.0;   0;   13.667;-999;   0.0;  12.7; 1013.88;   22.1;   51.63;   30.3;   11.8;   10.1;eor
       2667;20220810;   10;   8.9;   2.5;    3;   0.0;   0;   13.817;-999;   2.0;  11.8; 1012.30;   23.8;   44.33;   32.0;   12.2;   11.1;eor
       2667;20220811;   10;  10.3;   2.7;    3;   0.0;   0;   13.800;-999;   1.2;  10.9; 1009.27;   23.9;   41.25;   32.3;   11.4;   10.6;eor
       2667;20220812;   10;  11.7;   3.6;    3;   0.0;   0;   13.717;-999;   0.1;  10.1; 1006.56;   24.6;   36.13;   32.2;   11.5;   11.0;eor
       2667;20220813;   10;   9.8;   2.8;    3;   0.0;   0;   13.717;-999;   0.0;  11.0; 1003.99;   24.7;   38.13;   32.7;   13.7;   12.7;eor
       2667;20220814;   10;   8.2;   2.7;    3;   0.0;   0;   10.250;-999;   4.6;  14.8;  996.59;   25.3;   48.54;   33.3;   15.7;   14.4;eor
       2667;20220815;   10;   7.9;   2.5;    3;   1.8;   6;    1.067;-999;   6.8;  16.6;  994.05;   21.5;   65.25;   25.8;   17.0;   15.2;eor
       2667;20220816;   10;   6.7;   2.3;    3;   0.0;   0;    9.700;-999;   4.5;  15.7;  997.22;   23.4;   57.46;   30.4;   15.6;   14.0;eor
       2667;20220817;   10;   7.4;   2.6;    3;   0.0;   6;    5.333;-999;   6.6;  16.3;  999.26;   22.2;   61.50;   27.4;   16.5;   15.1;eor
       2667;20220818;   10;   6.9;   1.8;    3;   0.0;   0;    2.517;-999;   7.5;  17.2; 1001.78;   19.5;   77.50;   25.2;   14.1;   13.1;eor
       2667;20220819;   10;   9.6;   3.0;    3;   7.2;   6;    6.333;-999;   6.7;  16.7; 1002.80;   21.0;   70.00;   27.8;   13.9;   13.1;eor
       2667;20220820;   10;   8.4;   3.0;    3;   0.4;   6;    6.500;-999;   4.1;  16.6; 1005.51;   19.6;   74.63;   24.8;   12.9;   11.3;eor
       2667;20220821;   10;   7.4;   2.5;    3;   0.0;   0;   10.900;-999;   4.6;  13.2; 1005.18;   18.9;   64.46;   27.0;    9.3;    8.2;eor
       2667;20220822;   10;   6.5;   1.9;    3;   0.0;   0;    8.400;-999;   6.6;  13.3; 1003.19;   20.9;   58.42;   30.1;   11.5;    9.8;eor
       2667;20220823;   10;   6.7;   2.2;    3;   0.0;   0;   11.800;-999;   3.8;  14.1; 1004.14;   22.9;   54.54;   31.8;   12.4;   11.2;eor
       2667;20220824;   10;   7.0;   2.3;    3;   0.0;   0;   12.800;-999;   3.0;  13.9; 1006.02;   24.8;   49.67;   33.7;   14.4;   12.7;eor
       2667;20220825;   10;   9.4;   2.7;    3;   0.0;   0;   12.850;-999;   0.4;  14.4; 1003.61;   24.9;   48.42;   32.9;   15.7;   13.2;eor
       2667;20220826;   10;   9.8;   4.0;    3;   0.0;   6;    0.017;-999;   6.9;  18.7; 1003.63;   21.3;   73.54;   24.3;   18.4;   16.9;eor
       2667;20220827;   10;   7.2;   3.4;    3;   0.1;   6;    0.000;-999;   8.0;  16.5; 1005.07;   18.3;   78.67;   21.1;   16.0;   16.1;eor
       2667;20220828;   10;   9.3;   3.6;    3;   0.0;   0;   10.283;-999;   4.5;  12.3; 1007.70;   19.2;   56.08;   24.8;   13.1;   10.2;eor
       2667;20220829;   10;   7.4;   1.8;    3;   0.0;   0;    9.950;-999;   7.2;  11.0; 1009.10;   17.7;   57.92;   25.6;    7.6;    6.1;eor
       2667;20220830;   10;   9.3;   2.6;    3;   7.1;   6;    8.617;-999;   6.3;  12.9; 1007.57;   21.6;   52.71;   29.6;   12.6;   11.2;eor
       2667;20220831;   10;   9.1;   2.5;    3;   0.0;   6;    4.617;-999;   6.6;  15.4; 1008.70;   19.7;   69.00;   24.9;   15.4;   14.2;eor
       2667;20220901;   10;  10.5;   2.9;    3;   0.0;   0;   12.167;-999;   2.0;  11.4; 1007.62;   20.0;   51.33;   25.9;   10.1;    8.7;eor
       2667;20220902;   10;  12.0;   4.2;    3;   0.0;   0;   10.100;-999;   3.5;   9.8; 1003.40;   20.4;   42.42;   26.2;   15.6;   14.3;eor
       2667;20220903;   10;   9.6;   3.4;    3;   2.6;   6;    4.667;-999;   4.2;  13.4; 1000.99;   18.4;   63.88;   25.7;   14.8;   13.2;eor
       2667;20220904;   10;   5.3;   2.1;    3;   0.0;   0;   10.850;-999;   5.0;  16.4; 1006.50;   20.1;   72.46;   27.8;   12.7;   11.5;eor
       2667;20220905;   10;   7.0;   2.2;    3;   0.2;   6;    8.883;-999;   6.7;  13.9; 1007.32;   22.0;   56.50;   30.4;   14.3;   12.5;eor
       2667;20220906;   10;  14.9;   2.7;    3;  11.3;   6;   10.683;-999;   4.5;  15.3; 1003.57;   23.0;   57.83;   31.5;   14.4;   12.6;eor
       2667;20220907;   10;   9.3;   2.2;    3;   6.0;   6;    8.250;-999;   6.7;  16.8; 1001.19;   19.9;   74.42;   25.8;   14.3;   13.5;eor
       2667;20220908;   10;  13.5;   3.1;    3;   7.1;   6;    3.550;-999;   7.0;  15.8;  997.83;   17.7;   78.96;   22.9;   14.9;   14.2;eor
       2667;20220909;   10;  11.3;   4.1;    3;   5.5;   6;    2.050;-999;   7.4;  14.7;  998.40;   17.0;   77.00;   21.8;   13.9;   12.8;eor
       2667;20220910;   10;  10.6;   3.5;    3;   7.3;   6;    0.200;-999;   7.8;  15.9; 1001.05;   16.3;   85.79;   18.9;   14.2;   13.0;eor
       2667;20220911;   10;   6.7;   2.3;    3;   0.0;   6;    6.050;-999;   5.0;  15.6; 1007.00;   16.5;   84.54;   21.5;   11.2;    9.5;eor
       2667;20220912;   10;   9.6;   2.9;    3;   0.0;   6;    9.717;-999;   6.1;  13.9; 1003.25;   18.3;   69.13;   25.1;   10.6;    9.3;eor
       2667;20220913;   10;   5.7;   2.0;    3;  16.3;   6;    5.867;-999;   7.8;  16.2;  998.46;   19.8;   72.13;   27.0;   14.1;   12.5;eor
       2667;20220914;   10;   5.7;   2.0;    3;  19.1;   6;    0.000;-999;   7.8;  18.9;  993.95;   17.0;   97.13;   18.6;   14.2;   14.3;eor
       2667;20220915;   10;   9.3;   2.9;    3;   0.0;   6;    0.550;-999;   7.9;  13.4;  997.27;   14.9;   79.71;   18.7;   10.7;   10.3;eor
       2667;20220916;   10;  14.1;   3.9;    3;   2.2;   6;    4.367;-999;   6.0;  11.1;  999.81;   12.7;   76.08;   17.8;    9.6;    8.2;eor
       2667;20220917;   10;  14.1;   4.1;    3;   4.4;   6;    3.217;-999;   6.8;  10.7; 1002.79;   11.5;   79.46;   15.8;    9.6;    7.9;eor
       2667;20220918;   10;  14.9;   4.5;    3;  13.3;   6;    0.000;-999;   7.2;  11.6; 1003.80;   10.7;   89.92;   13.1;    7.3;    5.6;eor
       2667;20220919;   10;  16.5;   3.8;    3;   0.1;   6;    1.850;-999;   7.5;  11.1; 1008.23;   11.9;   79.96;   16.7;    8.4;    7.2;eor
       2667;20220920;   10;   8.2;   2.5;    3;   0.0;   6;    4.017;-999;   6.3;  11.1; 1011.90;   11.8;   81.25;   16.0;    6.8;    4.9;eor
       2667;20220921;   10;   5.1;   2.0;    3;   0.0;   0;   10.817;-999;   1.4;   9.2; 1014.40;   10.1;   78.71;   18.5;    2.0;    1.5;eor
       2667;20220922;   10;   7.5;   2.7;    3;   0.0;   0;   10.833;-999;   3.0;   8.9; 1010.87;   11.6;   68.71;   18.8;    3.3;    2.0;eor
       2667;20220923;   10;   4.6;   1.9;    3;   0.0;   0;    4.833;-999;   8.0;  10.3; 1004.85;   12.4;   72.21;   18.8;    4.9;    2.9;eor
       2667;20220924;   10;   4.8;   1.9;    3;   4.4;   6;    0.000;-999;   7.9;  12.7; 1001.48;   12.4;   87.83;   16.1;    8.2;    7.5;eor
       2667;20220925;   10;   8.2;   3.0;    3;   0.0;   6;    4.333;-999;   5.8;  11.3; 1001.89;   12.5;   79.13;   17.2;    7.7;    5.2;eor
       2667;20220926;   10;   9.9;   3.7;    3;  17.1;   6;    0.000;-999;   7.8;  11.0;  991.46;   10.2;   87.88;   13.0;    7.6;    6.8;eor
       2667;20220927;   10;  11.7;   4.0;    3;   7.5;   6;    0.217;-999;   7.8;  10.3;  986.94;    9.6;   86.25;   12.8;    7.6;    7.2;eor
       2667;20220928;   10;   8.7;   2.8;    3;   0.1;   6;    0.183;-999;   7.8;  10.0;  986.47;    9.7;   83.83;   13.3;    7.3;    5.8;eor
       2667;20220929;   10;   3.6;   1.9;    3;   0.0;   0;    8.333;-999;   4.0;   8.9;  991.77;    8.8;   81.17;   15.5;    1.8;    0.9;eor
       2667;20220930;   10;   7.7;   2.8;    3;   9.5;   6;    9.967;-999;   1.8;   8.7;  998.65;    9.8;   74.92;   17.6;    1.4;    0.2;eor
       2667;20221001;    3;  13.2;   4.0;    3;   6.2;   6;    2.850;-999;   5.5;  12.2;  996.88;   12.7;   83.08;   17.2;   10.0;    7.5;eor
       2667;20221002;    3;   9.1;   3.0;    3;   0.2;   6;    1.250;-999;   6.9;  13.3; 1007.41;   13.5;   85.75;   17.0;    8.5;    6.2;eor
       2667;20221003;    3;   3.6;   1.4;    3;   0.0;   0;    2.900;-999;   5.9;  11.1; 1014.91;   10.8;   86.75;   16.5;    5.5;    4.2;eor
       2667;20221004;    3;   7.2;   2.8;    3;   0.0;   0;    8.550;-999;   6.5;  11.3; 1009.90;   12.1;   80.58;   19.5;    5.2;    4.2;eor
       2667;20221005;    3;  15.8;   4.5;    3;   0.0;   6;    6.400;-999;   5.3;  13.2; 1006.77;   15.4;   76.21;   20.0;    7.3;    5.9;eor
       2667;20221006;    3;  11.8;   3.1;    3;   0.0;   0;   10.150;-999;   1.9;  10.4; 1017.18;   12.8;   71.92;   18.1;    4.7;    2.8;eor
       2667;20221007;    3;   5.7;   2.3;    3;   0.0;   6;   10.133;-999;   5.8;   9.6; 1011.75;   10.8;   76.46;   18.9;    2.9;    0.5;eor
       2667;20221008;    3;  10.3;   3.0;    3;   0.4;   6;    5.717;-999;   2.9;  10.1; 1010.18;   11.0;   77.96;   17.2;    3.7;    1.2;eor
       2667;20221009;    3;  11.0;   3.4;    3;   0.0;   0;   10.133;-999;   1.0;   8.3; 1010.52;    9.3;   74.00;   17.4;    0.5;   -0.7;eor
       2667;20221010;    3;  10.3;   3.3;    3;   0.0;   6;    6.217;-999;   5.0;  10.9; 1005.91;   12.9;   73.04;   19.5;    6.8;    3.8;eor
       2667;20221011;    3;   3.8;   1.6;    3;   0.0;   6;    5.317;-999;   3.3;   9.6; 1014.40;    8.3;   88.67;   15.2;    2.6;    0.9;eor
       2667;20221012;    3;   5.0;   1.9;    3;   0.0;   0;    5.683;-999;   5.6;   9.5; 1011.70;    8.8;   83.17;   16.2;    0.3;   -0.9;eor
       2667;20221013;    3;   7.0;   2.5;    3;   0.6;   6;    0.750;-999;   7.7;  12.5; 1006.75;   12.3;   86.67;   16.5;    7.5;    5.9;eor
       2667;20221014;    3;   7.2;   2.8;    3;   1.5;   6;    0.000;-999;   8.0;  15.0; 1000.56;   13.8;   94.46;   15.4;   11.9;   11.8;eor
       2667;20221015;    3;  11.8;   2.7;    3;   0.2;   6;    0.417;-999;   7.9;  15.3;  997.01;   15.4;   87.96;   19.8;   12.6;   11.8;eor
       2667;20221016;    3;   6.7;   2.9;    3;   0.0;   6;    3.833;-999;   7.2;  14.8; 1004.04;   16.2;   80.63;   20.3;   12.6;   11.3;eor
       2667;20221017;    3;   7.9;   2.8;    3;  10.0;   6;    2.367;-999;   7.8;  17.1; 1010.07;   18.0;   83.38;   21.3;   15.3;   13.3;eor
       2667;20221018;    3;   5.7;   1.5;    3;   0.2;   6;    2.350;-999;   4.7;  15.8; 1015.49;   14.4;   95.38;   18.5;    7.1;    4.9;eor
       2667;20221019;    3;   6.0;   2.8;    3;   0.0;   0;    8.100;-999;   6.5;  10.5; 1013.32;   10.3;   84.71;   16.8;    3.7;    2.1;eor
       2667;20221020;    3;  10.8;   5.1;    3;   2.9;   6;    0.000;-999;   7.9;  12.4; 1002.83;   12.0;   87.54;   14.3;    9.5;    7.1;eor
       2667;20221021;    3;  10.3;   3.1;    3;   2.6;   6;    1.600;-999;   7.7;  15.6;  997.84;   15.1;   90.71;   19.2;   11.7;   10.4;eor
       2667;20221022;    3;   7.5;   2.7;    3;   0.0;   0;    1.750;-999;   7.1;  14.3; 1002.54;   14.9;   84.79;   18.7;   12.0;    9.6;eor
       2667;20221023;    3;   9.8;   4.4;    3;   4.4;   6;    0.900;-999;   6.9;  14.4;  999.25;   15.2;   83.88;   18.4;   12.5;   10.1;eor
       2667;20221024;    3;  12.9;   4.8;    3;   0.0;   6;    0.983;-999;   6.8;  13.4;  998.16;   16.0;   73.96;   18.8;   11.4;    9.3;eor
       2667;20221025;    3;   7.2;   2.7;    3;   0.0;   6;    0.967;-999;   7.3;  12.5; 1004.52;   13.8;   79.58;   17.6;   11.3;    9.4;eor
       2667;20221026;    3;   7.2;   3.0;    3;   0.1;   6;    5.683;-999;   7.0;  13.6; 1006.06;   15.8;   76.42;   22.1;   11.5;    8.9;eor
       2667;20221027;    3;   8.7;   3.9;    3;   0.1;   6;    6.567;-999;   7.0;  14.9; 1010.43;   16.7;   78.71;   21.3;   10.8;    8.7;eor
       2667;20221028;    3;   7.5;   3.0;    3;   0.0;   6;    2.983;-999;   7.5;  15.5; 1008.23;   18.8;   71.92;   24.6;   13.4;   11.6;eor
       2667;20221029;    3;   6.7;   3.2;    3;   0.0;   0;    0.317;-999;   7.7;  14.7; 1008.21;   17.3;   74.83;   21.0;   12.4;   10.9;eor
       2667;20221030;    3;   6.3;   2.7;    3;   0.0;   0;    6.800;-999;   6.2;  13.3; 1006.86;   16.1;   73.29;   22.1;   10.0;    7.4;eor
       2667;20221031;    3;  10.1;   3.7;    3;   0.0;   6;    1.933;-999;   7.3;  12.4; 1006.19;   13.9;   79.58;   18.5;    8.3;    6.4;eor
       2667;20221101;    3;  13.4;   4.7;    3;   0.0;   6;    7.667;-999;   3.7;  10.8; 1004.56;   14.5;   65.13;   17.8;    8.9;    6.8;eor
       2667;20221102;    3;  11.0;   4.4;    3;   0.0;   0;    6.733;-999;   5.8;   9.4; 1008.82;   12.2;   66.79;   16.1;    7.8;    5.8;eor
       2667;20221103;    3;  10.1;   4.6;    3;   4.8;   6;    0.867;-999;   7.8;  10.8;  997.42;   11.2;   80.88;   13.3;    8.2;    6.3;eor
       2667;20221104;    3;   5.1;   2.1;    3;   2.6;   6;    0.500;-999;   6.2;  10.1;  996.21;    9.4;   86.17;   12.9;    5.6;    3.4;eor
       2667;20221105;    3;   7.7;   2.7;    3;   0.0;   0;    4.183;-999;   5.8;   9.1; 1006.36;    8.1;   84.83;   11.7;    4.4;    2.4;eor
       2667;20221106;    3;  11.1;   4.5;    3;   0.2;   6;    3.733;-999;   5.4;   8.7; 1001.46;    8.9;   76.63;   12.7;    6.1;    4.2;eor
       2667;20221107;    3;  11.1;   4.3;    3;   0.0;   6;    0.100;-999;   6.8;  11.2; 1000.99;   12.1;   79.17;   15.4;    8.2;    6.5;eor
       2667;20221108;    3;  12.0;   4.9;    3;   0.0;   6;    0.850;-999;   7.0;  11.0;  998.05;   13.1;   73.63;   16.3;    9.6;    8.0;eor
       2667;20221109;    3;  12.2;   4.2;    3;   0.0;   6;    3.067;-999;   7.7;  11.2;  999.92;   13.6;   71.92;   15.7;   10.3;    8.1;eor
       2667;20221110;    3;   9.6;   3.6;    3;   0.0;   0;    7.483;-999;   4.8;   9.9; 1013.50;   10.4;   79.46;   15.2;    7.3;    4.9;eor
       2667;20221111;    3;   6.7;   3.6;    3;   0.0;   0;    5.667;-999;   5.9;   9.6; 1019.60;    9.5;   81.00;   15.0;    6.1;    3.5;eor
       2667;20221112;    3;   7.4;   3.0;    3;   0.0;   0;    6.783;-999;   6.0;   8.8; 1019.13;    8.7;   79.38;   14.9;    1.1;   -0.2;eor
       2667;20221113;    3;   4.1;   2.0;    3;   0.0;   0;    7.917;-999;   2.6;   7.7; 1010.69;    7.8;   75.42;   17.1;    0.5;   -1.1;eor
       2667;20221114;    3;   9.8;   3.7;    3;   0.0;   6;    0.083;-999;   5.6;   8.0; 1001.24;    6.1;   83.79;   11.0;    0.1;   -2.5;eor
       2667;20221115;    3;   9.6;   4.4;    3;  17.0;   6;    3.417;-999;   8.0;  11.2;  995.25;   12.1;   79.58;   14.3;    9.3;    7.6;eor
       2667;20221116;    3;   9.8;   4.0;    3;   1.4;   6;    5.450;-999;   5.6;  10.9;  988.53;   11.0;   83.46;   13.9;    8.4;    6.6;eor
       2667;20221117;    3;  13.7;   5.4;    3;   1.8;   6;    0.783;-999;   7.4;  10.4;  980.95;   10.6;   81.25;   13.8;    6.4;    5.0;eor
       2667;20221118;    3;   5.1;   1.9;    3;   7.7;   6;    1.650;-999;   7.6;  10.1;  990.76;    8.5;   90.63;   11.8;    6.5;    5.7;eor
       2667;20221119;    3;   9.9;   3.7;    3;   0.0;   6;    0.000;-999;   8.0;   7.0;  998.87;    3.7;   86.29;    7.5;    2.0;    2.1;eor
       2667;20221120;    3;  14.6;   2.9;    3;   8.5;   6;    0.050;-999;   7.8;   7.1;  997.37;    4.2;   85.42;    8.2;    1.3;    1.1;eor
       2667;20221121;    3;  12.3;   4.1;    3;   0.8;   6;    1.383;-999;   7.8;   8.0;  989.60;    6.9;   80.58;    9.4;    6.0;    5.2;eor
       2667;20221122;    3;  10.8;   4.6;    3;   0.0;   6;    1.783;-999;   6.5;   7.9;  984.34;    6.8;   80.21;    8.9;    3.3;    0.7;eor
       2667;20221123;    3;  11.1;   4.3;    3;   5.0;   6;    0.917;-999;   6.5;   8.6;  988.89;    8.2;   79.29;   10.1;    5.0;    3.7;eor
       2667;20221124;    3;   8.7;   3.5;    3;   2.3;   6;    2.700;-999;   5.8;   8.9;  999.03;    8.1;   82.25;   12.2;    4.9;    3.3;eor
       2667;20221125;    3;   9.6;   2.8;    3;   0.4;   6;    3.367;-999;   6.8;   9.5; 1005.63;    8.8;   83.88;   12.1;    5.9;    2.5;eor
       2667;20221126;    3;   6.7;   2.9;    3;   0.0;   0;    3.267;-999;   6.1;   8.2; 1017.49;    6.0;   87.75;    8.2;    2.5;   -0.7;eor
       2667;20221127;    3;  10.3;   5.0;    3;   5.6;   6;    0.683;-999;   7.6;   7.6; 1009.31;    6.5;   78.29;    9.1;    4.0;    2.5;eor
       2667;20221128;    3;   7.2;   3.0;    3;   4.5;   6;    0.000;-999;   7.8;   9.0; 1000.46;    6.4;   92.88;    7.4;    5.2;    4.5;eor
       2667;20221129;    3;   4.6;   2.0;    3;   0.7;   6;    0.000;-999;   7.8;  10.0; 1006.48;    7.5;   95.96;    8.7;    6.4;    4.7;eor
       2667;20221130;    3;   5.7;   2.8;    3;   0.1;   6;    0.000;-999;   8.0;   9.2; 1011.57;    6.2;   97.13;    6.7;    5.2;    5.1;eor
       2667;20221201;    3;   7.0;   3.2;    3;   0.0;   0;    0.517;-999;   7.5;   7.7; 1013.73;    5.2;   86.63;    6.5;    3.6;    2.6;eor
       2667;20221202;    3;   7.2;   2.7;    3;   0.1;   6;    0.000;-999;   7.9;   6.3; 1010.45;    2.7;   84.92;    4.2;   -0.6;   -2.2;eor
       2667;20221203;    3;   6.2;   2.4;    3;   0.0;   0;    0.000;-999;   8.0;   5.5; 1007.70;    1.8;   79.25;    2.6;    0.5;   -0.4;eor
       2667;20221204;    3;   8.2;   2.6;    3;   4.7;   8;    0.000;-999;   8.0;   5.6; 1004.40;    1.5;   82.63;    2.3;    0.2;    0.2;eor
       2667;20221205;    3;   3.6;   1.4;    3;   1.5;   8;    0.000;-999;   7.8;   6.4; 1006.63;    1.3;   95.79;    2.4;    0.1;    0.0;eor
       2667;20221206;    3;   6.3;   1.6;    3;   0.9;   6;    0.000;-999;   7.9;   7.4; 1007.21;    3.2;   95.58;    4.9;    1.4;    1.2;eor
       2667;20221207;    3;   8.2;   2.7;    3;   1.0;   6;    0.033;-999;   7.7;   7.7; 1004.02;    4.6;   90.75;    6.0;    3.5;    2.8;eor
       2667;20221208;    3;   8.4;   2.7;    3;   0.7;   8;    0.000;-999;   7.5;   6.6;  997.06;    3.2;   85.46;    4.6;    0.2;   -2.0;eor
       2667;20221209;    3;   3.6;   1.4;    3;   0.0;   0;    1.250;-999;   5.9;   5.6;  994.63;    0.5;   88.96;    4.1;   -3.4;   -5.9;eor
       2667;20221210;    3;   3.6;   1.5;    3;   0.0;   7;    0.000;-999;   7.8;   4.8;  998.63;   -1.3;   86.21;    0.4;   -3.7;   -5.7;eor
       2667;20221211;    3;   4.1;   1.5;    3;   0.1;   8;    0.100;-999;   7.9;   5.3;  999.03;    0.0;   87.29;    1.1;   -0.8;   -1.8;eor
       2667;20221212;    3;   3.6;   1.7;    3;   0.0;   0;    5.817;-999;   3.7;   4.7; 1000.54;   -1.1;   83.42;    1.7;   -4.7;   -7.8;eor
       2667;20221213;    3;   7.5;   2.7;    3;   0.0;   0;    4.500;-999;   4.8;   3.7;  998.42;   -3.1;   76.83;   -0.2;   -8.2;   -9.4;eor
       2667;20221214;    3;   6.2;   1.9;    3;   0.2;   7;    0.000;-999;   7.2;   3.9;  991.64;   -3.4;   81.79;   -1.7;   -8.7;  -12.2;eor
       2667;20221215;    3;   4.1;   1.5;    3;   0.0;   0;    2.167;-999;   4.4;   3.3;  997.23;   -7.0;   89.54;   -3.3;  -11.1;  -14.5;eor
       2667;20221216;    3;   4.1;   1.2;    3;   0.0;   8;    6.300;-999;   2.9;   3.3; 1003.65;   -7.1;   87.71;   -1.7;  -13.8;  -15.6;eor
       2667;20221217;    3;   5.7;   3.0;    3;   0.0;   7;    3.583;-999;   4.8;   3.8; 1014.48;   -4.7;   87.38;   -2.6;   -6.2;  -10.2;eor
       2667;20221218;    3;  12.9;   5.5;    3;   1.4;   8;    2.367;-999;   5.1;   3.6; 1015.05;   -3.9;   78.38;   -0.8;   -9.4;  -13.0;eor
       2667;20221219;    3;  10.3;   5.5;    3;   2.4;   6;    0.000;-999;   8.0;   7.2; 1007.96;    4.3;   85.67;   10.8;   -0.8;   -0.9;eor
       2667;20221220;    3;   7.2;   3.6;    3;   3.1;   6;    0.000;-999;   7.8;  10.4; 1002.20;   10.2;   83.83;   11.9;    8.4;    7.2;eor
       2667;20221221;    3;   8.7;   2.5;    3;  10.9;   6;    0.667;-999;   7.7;  10.7;  999.00;    9.5;   90.13;   11.2;    7.3;    4.4;eor
       2667;20221222;    3;   8.7;   3.1;    3;   6.4;   6;    0.333;-999;   7.5;  11.1;  993.51;    9.6;   92.21;   10.4;    8.6;    7.2;eor
       2667;20221223;    3;  15.3;   4.0;    3;  10.5;   6;    0.000;-999;   7.8;  11.1;  993.34;   10.2;   88.92;   13.2;    8.8;    8.2;eor
       2667;20221224;    3;  11.8;   3.6;    3;   0.2;   6;    0.700;-999;   7.6;  10.1; 1001.65;   10.0;   82.17;   12.5;    7.7;    5.4;eor
       2667;20221225;    3;   8.7;   3.7;    3;   7.1;   6;    0.000;-999;   7.9;  11.1; 1001.11;   10.6;   86.42;   13.5;    8.3;    7.1;eor
       2667;20221226;    3;  11.5;   3.5;    3;   4.6;   6;    0.017;-999;   6.3;   9.5; 1003.93;    9.1;   80.63;   13.3;    1.8;   -0.3;eor
       2667;20221227;    3;   9.8;   3.4;    3;   0.0;   6;    2.700;-999;   4.8;   6.7; 1013.08;    4.4;   80.29;    9.0;    1.1;   -1.8;eor
       2667;20221228;    3;  12.7;   5.2;    3;   2.1;   6;    0.000;-999;   7.9;   8.6; 1001.40;    8.9;   75.17;   11.3;    4.4;    3.7;eor
       2667;20221229;    3;  13.9;   5.3;    3;   0.0;   6;    0.000;-999;   7.4;   9.0;  995.23;   10.3;   71.54;   12.6;    4.6;    2.0;eor
       2667;20221230;    3;  12.2;   5.0;    3;   3.6;   6;    0.417;-999;   5.9;   8.9;  997.10;    7.8;   82.83;   13.5;    2.7;    0.1;eor
       2667;20221231;    3;  14.9;   6.3;    3;   0.0;   6;    0.000;-999;   8.0;  12.4;  998.37;   16.2;   67.17;   17.9;   13.1;   11.9;eor
       2667;20230101;    3;  10.3;   4.5;    3;   3.1;   6;    0.000;-999;   8.0;  10.3; 1003.95;   13.5;   67.46;   15.5;   10.8;   10.0;eor
       2667;20230102;    3;  11.5;   3.9;    3;   4.5;   6;    0.000;-999;   7.6;  10.4; 1006.35;   11.4;   78.25;   15.0;    7.0;    5.3;eor
       2667;20230103;    3;   9.3;   3.6;    3;   2.4;   6;    3.167;-999;   6.5;   8.1; 1015.65;    7.7;   76.96;   11.5;    4.4;    2.4;eor
       2667;20230104;    3;  14.7;   5.9;    3;   3.7;   6;    0.000;-999;   7.8;  10.3; 1007.32;   10.7;   79.71;   13.1;    7.1;    6.3;eor
       2667;20230105;    3;  13.2;   4.8;    3;   3.9;   6;    0.400;-999;   7.7;  10.6; 1008.68;   10.6;   82.92;   12.3;    9.0;    8.8;eor
       2667;20230106;    3;  11.7;   3.6;    3;   0.4;   6;    0.067;-999;   7.8;  10.8; 1007.61;   10.6;   84.38;   11.6;    9.5;    8.7;eor
       2667;20230107;    3;  12.5;   4.7;    3;   1.7;   6;    0.800;-999;   7.8;   9.4; 1001.18;   10.1;   75.92;   11.3;    7.8;    6.3;eor
       2667;20230108;    3;  12.2;   4.3;    3;   4.5;   6;    0.550;-999;   7.7;   9.3;  990.70;    9.5;   78.63;   11.1;    6.1;    3.8;eor
       2667;20230109;    3;  11.7;   4.1;    3;   0.0;   6;    0.050;-999;   7.3;   8.1;  989.99;    6.7;   82.21;    8.6;    2.7;    0.8;eor
       2667;20230110;    3;  10.5;   4.6;    3;   7.1;   6;    2.067;-999;   7.3;   7.5; 1005.08;    6.3;   79.25;    8.2;    4.8;    2.7;eor
       2667;20230111;    3;  12.7;   4.8;    3;   5.9;   6;    1.200;-999;   6.8;   9.4; 1000.80;    9.1;   81.25;   10.6;    6.5;    4.6;eor
       2667;20230112;    3;  12.9;   6.5;    3;  13.1;   6;    0.000;-999;   7.7;   9.9;  998.15;   10.1;   79.46;   11.6;    8.1;    7.2;eor
       2667;20230113;    3;  19.5;   5.7;    3;   1.7;   6;    0.883;-999;   7.0;   8.4;  998.57;    8.7;   74.54;   11.5;    7.3;    4.9;eor
       2667;20230114;    3;  14.2;   5.3;    3;   9.9;   6;    0.000;-999;   7.6;   9.1;  996.46;    8.6;   81.04;   12.0;    5.6;    4.3;eor
       2667;20230115;    3;  17.0;   6.0;    3;   1.1;   6;    2.200;-999;   7.2;   6.9;  990.92;    6.3;   71.92;    8.0;    3.9;    3.2;eor
       2667;20230116;    3;  14.4;   6.1;    3;   2.9;   8;    0.000;-999;   7.7;   7.1;  974.33;    4.6;   83.21;    5.6;    3.1;    2.3;eor
       2667;20230117;    3;  13.7;   3.2;    3;   0.0;   7;    5.367;-999;   7.1;   5.4;  976.44;    1.3;   80.42;    4.7;   -3.6;   -5.7;eor
       2667;20230118;    3;   6.2;   2.3;    3;   0.0;   7;    4.800;-999;   5.3;   4.6;  985.38;   -1.4;   84.00;    3.6;   -5.8;   -7.2;eor
       2667;20230119;    3;   8.2;   3.0;    3;   5.8;   8;    0.233;-999;   7.5;   5.6;  994.58;    1.0;   85.79;    3.0;   -1.4;   -2.9;eor
       2667;20230120;    3;   7.2;   2.9;    3;   0.2;   7;    0.717;-999;   6.4;   5.4; 1003.98;    0.4;   85.75;    2.0;   -3.0;   -5.9;eor
       2667;20230121;    3;   8.2;   2.4;    3;   0.0;   8;    1.650;-999;   4.3;   4.4; 1017.04;   -1.9;   82.71;    1.0;   -7.3;   -8.9;eor
       2667;20230122;    3;   8.7;   3.1;    3;   0.0;   8;    0.000;-999;   7.9;   5.5; 1018.68;    0.7;   85.83;    1.7;   -0.4;   -1.1;eor
       2667;20230123;    3;   5.5;   2.5;    3;   0.0;   0;    0.000;-999;   7.8;   5.7; 1023.17;    1.8;   82.29;    3.5;   -1.0;   -2.9;eor
       2667;20230124;    3;   5.7;   2.5;    3;   0.0;   8;    0.000;-999;   8.0;   5.5; 1025.33;    2.1;   77.00;    2.8;    0.9;    0.8;eor
       2667;20230125;    3;   4.6;   1.7;    3;   0.0;   8;    0.000;-999;   8.0;   5.6; 1020.03;   -0.1;   93.00;    0.9;   -1.4;   -1.1;eor
       2667;20230126;    3;   5.7;   2.0;    3;   0.5;   8;    0.000;-999;   7.9;   5.8; 1011.77;   -0.2;   96.83;    2.0;   -1.9;   -1.5;eor
       2667;20230127;    3;   8.7;   3.6;    3;   0.0;   6;    1.433;-999;   7.5;   6.5; 1012.84;    3.0;   86.04;    6.1;    0.8;   -0.4;eor
       2667;20230128;    3;   5.7;   2.3;    3;   0.0;   8;    0.733;-999;   4.1;   4.7; 1017.55;   -0.9;   82.67;    2.3;   -6.0;   -8.7;eor
       2667;20230129;    3;   7.9;   2.5;    3;   0.1;   6;    0.000;-999;   6.1;   4.5; 1015.70;   -1.9;   83.42;    2.6;   -8.0;   -9.9;eor
       2667;20230130;    3;  16.6;   5.9;    3;   0.6;   6;    1.333;-999;   7.4;   7.1; 1008.12;    5.7;   77.79;    7.8;    2.5;    1.7;eor
       2667;20230131;    3;  12.9;   4.1;    3;   0.6;   6;    0.000;-999;   7.1;   7.5; 1011.37;    5.2;   84.46;    7.4;    1.1;   -2.0;eor
       2667;20230201;    3;  16.1;   6.1;    3;   2.1;   6;    0.033;-999;   7.5;   7.5; 1008.66;    6.5;   77.17;    7.9;    4.7;    3.1;eor
       2667;20230202;    3;  13.0;   5.7;    3;   0.3;   6;    0.000;-999;   7.7;   8.9; 1012.28;    7.8;   83.96;    9.0;    6.6;    5.9;eor
       2667;20230203;    3;  15.3;   6.4;    3;   0.2;   6;    0.000;-999;   7.8;   9.3; 1015.10;    8.9;   81.13;    9.5;    7.7;    6.1;eor
       2667;20230204;    3;  10.3;   2.6;    3;   2.3;   6;    0.683;-999;   7.8;   8.0; 1023.54;    7.0;   80.13;    9.5;    5.3;    3.7;eor
       2667;20230205;    3;  14.9;   3.8;    3;   3.8;   6;    0.000;-999;   7.7;   8.2; 1024.99;    5.3;   91.33;    6.4;    3.2;    1.3;eor
       2667;20230206;    3;   8.1;   2.4;    3;   0.0;   6;    2.783;-999;   5.1;   6.1; 1028.38;    2.1;   86.83;    5.9;   -1.8;   -4.9;eor
       2667;20230207;    3;   8.2;   2.5;    3;   0.0;   0;    8.567;-999;   0.3;   3.9; 1027.49;   -0.1;   67.13;    6.1;   -6.3;   -8.1;eor
       2667;20230208;    3;   8.9;   3.0;    3;   0.0;   0;    8.650;-999;   1.0;   3.3; 1024.85;    0.6;   54.63;    7.6;   -7.3;   -9.4;eor
       2667;20230209;    3;   5.7;   2.2;    3;   0.0;   6;    7.583;-999;   4.8;   3.7; 1021.56;    0.4;   59.13;    5.8;   -3.5;   -7.4;eor
       2667;20230210;    3;   8.9;   2.1;    3;   0.0;   6;    3.417;-999;   6.9;   5.9; 1025.10;    3.6;   75.13;    8.1;   -1.9;   -4.5;eor
       2667;20230211;    3;   7.2;   1.8;    3;   0.0;   6;    0.000;-999;   7.9;   7.8; 1024.07;    5.4;   85.92;    7.4;    3.6;    1.3;eor
       2667;20230212;    3;   6.7;   1.5;    3;   0.0;   0;    0.000;-999;   8.0;   8.7; 1026.44;    7.5;   84.33;   10.1;    4.7;    4.4;eor
       2667;20230213;    3;   8.1;   3.9;    3;   0.0;   0;    8.950;-999;   2.3;   7.8; 1024.58;    9.3;   68.13;   14.6;    5.7;    3.0;eor
       2667;20230214;    3;   7.2;   3.6;    3;   0.0;   0;    8.983;-999;   0.0;   6.8; 1021.43;    6.0;   73.67;   11.8;    1.5;   -0.5;eor
       2667;20230215;    3;   8.7;   3.9;    3;   0.0;   0;    7.967;-999;   4.6;   6.3; 1015.38;    4.6;   74.75;   11.5;   -0.4;   -2.2;eor
       2667;20230216;    3;   6.7;   3.4;    3;   0.3;   6;    2.017;-999;   6.4;   7.4; 1012.43;    6.2;   76.75;   11.1;    0.3;   -2.5;eor
       2667;20230217;    3;  16.6;   5.2;    3;   0.0;   6;    0.800;-999;   7.7;  10.7; 1009.79;   12.4;   74.67;   16.7;    9.2;    8.1;eor
       2667;20230218;    3;  17.1;   5.5;    3;   5.0;   6;    0.000;-999;   7.8;  10.6; 1009.47;   10.3;   84.63;   11.2;    9.3;    8.9;eor
       2667;20230219;    3;  10.6;   4.4;    3;   3.5;   6;    0.033;-999;   7.7;   9.9; 1011.48;    8.9;   86.08;   10.9;    4.2;    1.1;eor
       2667;20230220;    3;  10.1;   3.1;    3;   0.0;   0;    7.000;-999;   5.8;   8.1; 1012.28;    6.8;   81.83;   11.9;    3.1;    0.5;eor
       2667;20230221;    3;   6.0;   1.7;    3;   0.0;   0;    4.583;-999;   7.1;   9.1; 1007.52;    7.8;   86.29;   13.1;    4.2;    3.0;eor
       2667;20230222;    3;   7.7;   2.2;    3;   5.0;   6;    3.183;-999;   7.9;   8.6; 1001.25;    7.7;   82.88;   14.4;   -0.4;   -0.9;eor
       2667;20230223;    3;   6.7;   2.3;    3;   0.2;   6;    0.000;-999;   7.8;  10.1; 1002.54;    7.9;   94.17;    9.0;    5.5;    3.9;eor
       2667;20230224;    3;  13.2;   3.9;    3;   2.9;   6;    0.000;-999;   7.9;   7.2;  997.20;    4.5;   85.38;    6.5;    3.3;    2.8;eor
       2667;20230225;    3;  14.7;   4.9;    3;   0.5;   8;    3.350;-999;   4.8;   5.4;  998.25;    2.9;   71.21;    5.9;   -3.3;   -6.1;eor
       2667;20230226;    3;  12.7;   4.0;    3;   0.0;   0;    5.950;-999;   2.0;   3.8; 1010.27;   -0.3;   65.38;    4.2;   -3.9;   -6.7;eor
       2667;20230227;    3;   9.4;   3.1;    3;   0.0;   0;    8.933;-999;   1.7;   3.9; 1016.22;    0.4;   64.83;    6.6;   -6.9;   -9.6;eor
       2667;20230228;    3;  11.1;   3.7;    3;   0.0;   0;    9.800;-999;   0.8;   3.6; 1017.48;    0.9;   56.92;    5.7;   -3.3;   -6.7;eor
       2667;20230301;    3;   8.2;   2.1;    3;   0.0;   0;    9.733;-999;   0.0;   3.8; 1014.03;    1.0;   61.50;    9.1;   -7.5;   -9.8;eor
       2667;20230302;    3;   7.5;   2.1;    3;   0.0;   0;    9.917;-999;   0.0;   4.4; 1009.64;    3.4;   59.21;   12.9;   -5.3;   -7.7;eor
       2667;20230303;    3;   7.0;   2.0;    3;   0.0;   0;    4.433;-999;   4.0;   5.2; 1012.65;    0.3;   84.67;    5.4;   -4.3;   -7.9;eor
       2667;20230304;    3;   8.2;   2.6;    3;   0.1;   6;    0.067;-999;   8.0;   6.5; 1012.03;    3.6;   82.17;    6.9;    0.0;   -0.1;eor
       2667;20230305;    3;   7.5;   2.6;    3;   1.1;   6;    0.000;-999;   7.9;   6.5; 1004.38;    3.5;   83.29;    5.1;    2.5;    1.8;eor
       2667;20230306;    3;   9.3;   3.2;    3;   1.0;   6;    0.000;-999;   7.8;   6.2;  994.17;    3.1;   81.21;    4.8;    1.8;    0.2;eor
       2667;20230307;    3;  13.5;   4.4;    3;  12.3;   8;    0.000;-999;   7.8;   6.4;  987.47;    2.9;   86.13;    6.0;   -0.1;    0.0;eor
       2667;20230308;    3;   5.7;   2.5;    3;  11.2;   8;    0.000;-999;   7.7;   6.5;  982.79;    1.5;   94.92;    5.2;   -0.1;    0.0;eor
       2667;20230309;    3;   9.1;   2.6;    3;   5.7;   6;    0.017;-999;   7.6;   9.0;  982.93;    7.3;   88.58;   12.6;    2.3;    2.0;eor
       2667;20230310;    3;  23.1;   6.3;    3;   6.2;   8;    0.783;-999;   7.7;   8.9;  980.21;    7.7;   82.38;   12.7;    0.7;    0.6;eor
       2667;20230311;    3;  13.9;   2.5;    3;   0.2;   8;    5.867;-999;   7.2;   4.4;  998.82;    1.6;   64.92;    5.5;   -2.4;   -4.9;eor
       2667;20230312;    3;  11.3;   3.3;    3;   1.2;   8;    0.000;-999;   8.0;   7.2;  998.48;    5.9;   75.04;   11.7;    0.5;   -0.1;eor
       2667;20230313;    3;  17.3;   5.2;    3;   2.7;   6;    0.700;-999;   7.7;  10.8;  987.52;   13.1;   71.38;   17.0;    9.3;    7.6;eor
       2667;20230314;    3;  18.7;   5.1;    3;  10.1;   8;    0.133;-999;   7.3;   8.2;  987.55;    7.7;   75.92;   11.9;    1.4;   -1.8;eor
       2667;20230315;    3;   7.5;   2.5;    3;   0.0;   8;    3.500;-999;   7.6;   5.6; 1005.95;    3.1;   74.71;    7.7;    0.1;   -2.1;eor
       2667;20230316;    3;  14.1;   5.4;    3;   0.0;   0;    3.650;-999;   8.0;   5.8; 1004.37;    6.7;   59.88;   11.7;    1.8;    0.2;eor
       2667;20230317;    3;  10.6;   4.9;    3;   3.4;   6;    6.300;-999;   7.6;   7.5;  997.86;   11.1;   57.08;   16.6;    6.9;    4.8;eor
       2667;20230318;    3;   7.5;   3.3;    3;   0.8;   6;    7.083;-999;   6.2;  10.2;  999.67;   12.4;   71.83;   17.3;    7.5;    5.0;eor
       2667;20230319;    3;   7.7;   2.4;    3;   0.6;   6;    1.233;-999;   7.6;  10.7; 1003.25;   11.1;   80.96;   13.9;    8.7;    6.8;eor
       2667;20230320;    3;   7.7;   2.9;    3;   0.0;   6;    0.067;-999;   8.0;   8.2; 1008.12;    9.1;   70.96;   10.9;    6.0;    4.4;eor
       2667;20230321;    3;   8.7;   3.6;    3;   3.7;   6;    1.117;-999;   7.9;   9.6; 1003.44;    9.8;   79.04;   12.6;    8.0;    5.3;eor
       2667;20230322;    3;  11.7;   4.6;    3;   0.4;   6;    2.583;-999;   7.7;   9.3;  997.73;   11.9;   67.50;   15.0;    7.4;    5.8;eor
       2667;20230323;    3;  17.7;   5.8;    3;   0.8;   6;    0.467;-999;   7.9;  10.1;  994.20;   13.4;   65.58;   15.7;   10.9;    9.7;eor
       2667;20230324;    3;  18.9;   5.1;    3;   4.1;   6;    3.917;-999;   7.3;   9.7;  992.15;   12.4;   68.88;   17.4;    7.9;    6.3;eor
       2667;20230325;    3;  19.9;   6.3;    3;   2.9;   6;    1.733;-999;   7.4;   8.3;  994.71;    9.9;   68.21;   13.9;    7.2;    5.8;eor
       2667;20230326;    3;  12.3;   4.3;    3;  13.4;   6;    0.017;-999;   7.8;   8.5;  993.03;    7.5;   82.00;    9.5;    2.7;    1.0;eor
       2667;20230327;    3;  13.9;   4.6;    3;   0.4;   6;    5.750;-999;   3.3;   5.7; 1008.53;    3.1;   74.96;    7.9;   -0.6;   -3.4;eor
       2667;20230328;    3;  14.9;   2.8;    3;   1.1;   6;    7.650;-999;   5.4;   5.4; 1013.05;    4.2;   68.17;   10.2;   -1.9;   -4.9;eor
       2667;20230329;    3;   8.9;   3.4;    3;   0.0;   6;    0.650;-999;   8.0;   9.1; 1003.05;   10.6;   70.29;   16.2;    4.5;    3.9;eor
       2667;20230330;    3;  19.4;   4.9;    3;   7.3;   6;    4.483;-999;   7.5;  10.3;  996.95;   13.6;   66.71;   17.0;    8.7;    7.7;eor
       2667;20230331;    3;  15.4;   5.4;    3;   2.9;   6;    0.300;-999;   7.8;   9.9;  986.79;   11.7;   72.92;   15.0;    9.3;    8.1;eor
       2667;20230401;    3;  12.9;   5.4;    3;   5.2;   6;    0.000;-999;   7.7;  10.3;  987.79;    9.8;   84.79;   11.1;    8.4;    8.0;eor
       2667;20230402;    1;  11.1;   4.4;    1;   0.1;   6;    0.000;-999;   7.7;   7.6; 1007.26;    6.3;   78.42;    8.4;    1.2;   -1.2;eor
       2667;20230403;    1;  12.0;   4.3;    1;   0.0;   0;   12.250;-999;   0.9;   4.6; 1017.39;    4.8;   56.13;   10.4;   -1.6;   -4.2;eor
       2667;20230404;    1;   8.1;   2.7;    1;   0.0;   0;   11.650;-999;   3.0;   4.2; 1015.26;    4.0;   54.08;   10.2;   -2.3;   -5.6;eor
       2667;20230405;    1;   6.2;   2.0;    1;   0.0;   0;   11.983;-999;   0.9;   4.4; 1009.86;    5.5;   50.63;   11.5;   -1.6;   -3.9;eor
       2667;20230406;    1;  11.0;   3.4;    1;  10.7;   6;    5.817;-999;   5.5;   6.5; 1005.30;    6.2;   68.92;   13.2;   -2.3;   -5.3;eor
       2667;20230407;    1;   7.7;   2.9;    1;   5.3;   6;    0.050;-999;   7.8;  10.1; 1005.61;    8.2;   92.46;    9.7;    7.0;    6.8;eor
       2667;20230408;    1;   6.2;   2.5;    1;   0.0;   0;    1.217;-999;   7.0;   9.3; 1012.23;    8.7;   83.58;   12.6;    6.5;    4.8;eor
       2667;20230409;    1;   9.8;   3.5;    1;   0.0;   0;    6.300;-999;   5.5;   7.2; 1012.53;    9.5;   62.13;   14.7;    3.1;    1.1;eor
       2667;20230410;    1;  12.9;   5.3;    1;   5.5;   6;    6.167;-999;   7.8;   7.4; 1005.51;   11.7;   56.25;   18.5;    5.2;    2.1;eor
       2667;20230411;    1;  14.9;   4.8;    1;   2.7;   6;    5.117;-999;   7.0;   7.6; 1001.18;   10.4;   61.46;   14.8;    7.6;    6.1;eor
       2667;20230412;    1;  16.5;   4.2;    1;   6.5;   6;    1.600;-999;   6.9;   9.2;  989.67;    8.3;   84.00;   14.1;    4.0;    2.5;eor
       2667;20230413;    1;  14.2;   5.0;    1;   4.3;   6;    4.217;-999;   7.7;   7.3;  992.50;    9.2;   64.33;   14.0;    4.3;    2.0;eor
       2667;20230414;    1;   7.4;   2.0;    1;   0.0;   6;   11.400;-999;   4.0;   6.5;  997.03;    8.9;   62.17;   15.8;   -0.5;   -1.5;eor
       2667;20230415;    1;  11.3;   4.3;    1;   0.5;   6;    4.300;-999;   6.2;   8.1; 1000.98;    7.4;   78.58;   13.5;    0.4;   -1.7;eor
       2667;20230416;    1;   8.2;   4.5;    1;   4.7;   6;    0.317;-999;   7.9;  10.0; 1010.44;    9.7;   83.25;   13.4;    7.3;    7.3;eor
       2667;20230417;    1;   9.8;   3.5;    1;   0.0;   6;    4.033;-999;   6.8;   9.1; 1012.66;   11.1;   70.88;   15.5;    6.8;    4.6;eor
       2667;20230418;    1;  10.6;   4.8;    1;   0.0;   0;    7.150;-999;   5.5;   8.1; 1013.08;   10.6;   64.00;   15.4;    4.3;    1.8;eor
       2667;20230419;    1;  13.2;   4.8;    1;   0.2;   6;   10.333;-999;   4.7;   6.9; 1011.29;   11.8;   50.79;   16.1;    4.9;    0.8;eor
       2667;20230420;    1;  14.1;   4.2;    1;   6.4;   6;    2.350;-999;   6.8;   7.1; 1005.05;    7.5;   68.83;   12.3;    4.4;    1.2;eor
       2667;20230421;    1;  12.5;   3.2;    1;   0.8;   6;    7.067;-999;   6.1;   9.8; 1000.20;   10.8;   78.50;   18.6;    3.6;    2.1;eor
       2667;20230422;    1;  11.8;   4.1;    1;   1.9;   6;    4.400;-999;   7.8;  11.2;  996.34;   14.3;   70.71;   21.4;    6.6;    5.9;eor
       2667;20230423;    1;  14.4;   4.0;    1;   0.7;   6;    3.100;-999;   7.3;  10.8;  994.25;   13.0;   74.04;   18.1;    8.7;    7.7;eor
       2667;20230424;    1;  16.1;   4.7;    1;   8.1;   6;    1.233;-999;   7.6;   8.7;  995.31;    9.0;   76.08;   12.7;    4.8;    2.7;eor
       2667;20230425;    1;  10.8;   4.0;    1;   0.0;   6;    3.567;-999;   6.5;   6.6; 1002.59;    7.1;   66.54;   11.5;    1.9;   -1.1;eor
       2667;20230426;    1;   7.2;   2.1;    1;   0.0;   0;    8.083;-999;   5.4;   5.8; 1007.33;    6.0;   64.25;   11.5;   -1.5;   -3.5;eor
       2667;20230427;    1;   6.0;   2.0;    1;   0.1;   6;    9.283;-999;   6.8;   6.5; 1006.72;   10.3;   53.92;   15.6;    3.4;    0.7;eor
       2667;20230428;    1;  13.4;   3.8;    1;   1.8;   6;    3.450;-999;   7.0;  12.1; 1000.25;   13.7;   75.92;   20.9;    9.3;    8.6;eor
       2667;20230429;    1;   8.2;   3.1;    1;   0.0;   6;    0.000;-999;   7.5;  10.8; 1006.84;   10.5;   85.25;   13.1;    5.9;    3.8;eor
       2667;20230430;    1;   8.4;   2.2;    1;   0.0;   0;    8.683;-999;   4.2;   8.9; 1009.21;   12.3;   65.71;   19.2;    2.6;    1.2;eor
       2667;20230501;    1;  10.3;   2.1;    1;   0.4;   6;    1.633;-999;   7.3;  10.0; 1004.29;   12.8;   69.04;   19.1;    7.7;    5.8;eor
       2667;20230502;    1;  10.1;   3.6;    1;   0.0;   6;    3.950;-999;   5.0;   9.0; 1012.54;   10.0;   74.38;   14.1;    3.9;    0.3;eor
       2667;20230503;    1;   7.7;   2.1;    1;   0.0;   0;   13.550;-999;   4.9;   6.7; 1014.39;   10.4;   57.13;   19.1;    0.0;   -2.1;eor
       2667;20230504;    1;  11.7;   3.9;    1;   0.0;   0;   12.383;-999;   7.3;   8.2; 1007.11;   15.4;   50.29;   23.4;    2.0;    1.1;eor
       2667;20230505;    1;  16.8;   1.9;    1;  10.9;   6;    4.350;-999;   7.2;  12.6; 1004.98;   14.7;   76.08;   21.5;   10.7;    8.9;eor
       2667;20230506;    1;   6.7;   1.7;    1;   4.1;   6;    7.417;-999;   6.5;  12.8; 1005.34;   14.0;   81.88;   20.8;    7.5;    5.1;eor
       2667;20230507;    1;   7.7;   2.3;    1;   1.5;   6;    2.300;-999;   7.8;  14.1; 1005.77;   16.3;   77.92;   22.9;   11.9;   11.5;eor
       2667;20230508;    1;   7.2;   2.9;    1;   0.1;   6;    2.017;-999;   7.8;  14.5; 1009.20;   15.0;   84.96;   19.2;   12.5;   12.3;eor
       2667;20230509;    1;  10.1;   3.2;    1;  31.6;   6;    1.117;-999;   7.8;  14.6; 1001.21;   15.9;   81.83;   20.7;   12.3;   12.2;eor
       2667;20230510;    1;   7.7;   2.4;    1;   7.1;   6;    0.783;-999;   7.7;  13.3; 1000.12;   13.3;   87.92;   17.1;   11.0;   10.5;eor
       2667;20230511;    1;   7.2;   2.1;    1;   8.1;   6;    0.917;-999;   7.7;  12.5; 1003.24;   13.0;   83.96;   16.4;   10.1;   10.0;eor
       2667;20230512;    1;  10.1;   3.3;    1;   0.0;   6;    1.650;-999;   7.8;  12.2; 1004.77;   15.0;   73.63;   19.6;   10.9;   10.5;eor
       2667;20230513;    1;  10.8;   2.2;    1;   6.7;   6;    7.317;-999;   4.6;  11.9; 1007.64;   13.5;   78.63;   20.5;    7.5;    5.5;eor
       2667;20230514;    1;   9.8;   2.2;    1;   0.0;   0;    7.683;-999;   4.6;  10.4; 1004.87;   14.1;   68.00;   21.4;    4.6;    3.8;eor
       2667;20230515;    1;  11.3;   4.3;    1;   4.3;   6;    6.333;-999;   7.5;  11.4; 1002.50;   13.8;   74.46;   20.0;    9.2;    7.0;eor
       2667;20230516;    1;  12.2;   5.9;    1;   0.0;   6;    6.500;-999;   6.5;   8.7; 1008.47;   10.9;   67.67;   15.6;    6.4;    4.2;eor
       2667;20230517;    1;  11.3;   3.3;    1;   0.0;   6;    8.933;-999;   3.0;   7.6; 1013.99;   10.1;   65.08;   15.9;    4.1;    2.2;eor
       2667;20230518;    1;   9.3;   2.5;    1;   0.0;   0;   13.250;-999;   1.0;   7.5; 1014.17;   11.3;   58.88;   18.7;    1.2;   -0.2;eor
       2667;20230519;    1;   9.8;   2.3;    1;   0.0;   0;   11.733;-999;   2.3;   8.3; 1011.75;   13.8;   56.29;   21.6;    3.3;    1.5;eor
       2667;20230520;    1;   9.6;   3.3;    1;   0.0;   0;    1.750;-999;   6.2;  10.8; 1008.19;   14.3;   66.83;   19.7;    6.3;    4.3;eor
       2667;20230521;    1;  10.6;   2.9;    1;   0.0;   6;    6.617;-999;   7.3;  14.6; 1003.38;   17.0;   76.04;   24.9;   10.5;    9.5;eor
       2667;20230522;    1;   8.9;   3.1;    1;   0.0;   6;    3.767;-999;   5.3;  16.3; 1003.05;   17.4;   82.42;   22.4;   12.4;   11.1;eor
       2667;20230523;    1;  12.9;   5.4;    1;   0.0;   6;    1.583;-999;   5.9;  11.4; 1008.67;   13.5;   73.21;   16.9;    6.3;    4.4;eor
       2667;20230524;    1;   7.2;   2.6;    1;   0.0;   6;    4.017;-999;   4.2;   8.5; 1012.03;    9.8;   71.58;   14.8;    2.6;    0.4;eor
       2667;20230525;    1;   9.8;   2.8;    1;   0.0;   0;   13.783;-999;   0.8;   9.6; 1014.37;   11.7;   71.50;   19.0;    2.2;    1.2;eor
       2667;20230526;    1;   9.8;   3.4;    1;   0.0;   0;   13.667;-999;   1.2;   9.6; 1015.93;   13.7;   63.25;   20.1;    6.4;    3.9;eor
       2667;20230527;    1;   8.2;   2.1;    1;   0.0;   0;   14.900;-999;   0.0;   8.6; 1012.41;   15.8;   53.29;   24.5;    5.3;    3.2;eor
       2667;20230528;    1;  10.1;   2.8;    1;   0.0;   0;   13.300;-999;   3.2;  10.1; 1007.64;   17.3;   54.92;   25.8;    6.2;    4.0;eor
       2667;20230529;    1;  10.8;   4.2;    1;   0.0;   0;   15.083;-999;   4.3;  10.8; 1010.53;   16.0;   59.92;   21.9;    9.8;    7.3;eor
       2667;20230530;    1;   9.9;   4.1;    1;   0.0;   0;   15.017;-999;   4.9;   9.3; 1012.76;   15.0;   55.17;   21.6;    6.6;    4.6;eor
       2667;20230531;    1;  11.8;   3.2;    1;   0.0;   0;   14.967;-999;   3.4;  10.7; 1010.81;   18.6;   54.63;   26.6;    7.3;    5.7;eor
       2667;20230601;    1;  10.1;   4.0;    1;   0.0;   0;   13.967;-999;   2.7;  11.3; 1008.63;   16.2;   63.42;   22.5;    9.8;    7.8;eor
       2667;20230602;    1;  10.1;   3.7;    1;   0.0;   0;   11.233;-999;   3.6;   9.2; 1008.40;   14.2;   57.46;   20.7;   10.2;    8.2;eor
       2667;20230603;    1;  10.5;   3.9;    1;   0.0;   0;   15.233;-999;   0.2;   8.0; 1008.02;   17.6;   41.46;   23.6;   11.0;    7.8;eor
       2667;20230604;    1;   9.4;   2.9;    1;   0.0;   0;   15.250;-999;   0.0;   7.7; 1008.56;   17.3;   42.67;   25.3;    5.2;    3.2;eor
       2667;20230605;    1;   9.4;   2.3;    1;   0.0;   0;   15.017;-999;   0.3;   9.1; 1007.55;   18.0;   47.50;   26.7;    6.1;    4.8;eor
       2667;20230606;    1;   9.3;   2.4;    1;   0.2;   6;    9.583;-999;   3.7;  10.8; 1007.07;   18.4;   54.04;   27.0;    7.6;    5.8;eor
       2667;20230607;    1;   8.9;   2.5;    1;   8.3;   6;    3.033;-999;   6.6;  15.5; 1006.75;   17.2;   79.08;   22.2;   13.6;   12.2;eor
       2667;20230608;    1;  12.7;   2.1;    1;   0.4;   6;    9.950;-999;   4.0;  15.7; 1003.70;   18.9;   73.58;   26.3;   11.7;   10.3;eor
       2667;20230609;    1;  10.1;   3.1;    1;   0.0;   0;   12.800;-999;   0.8;  13.7; 1002.29;   21.3;   58.83;   29.0;   10.1;    9.4;eor
       2667;20230610;    1;   9.8;   2.9;    1;   0.0;   0;   14.433;-999;   0.6;  12.8; 1002.96;   23.7;   47.17;   30.9;   13.1;   11.4;eor
       2667;20230611;    1;  11.7;   4.2;    1;   0.0;   0;   14.817;-999;   0.2;  12.7; 1004.30;   24.1;   43.71;   30.1;   16.6;   14.4;eor
       2667;20230612;    1;   9.8;   3.3;    1;   0.0;   0;   14.567;-999;   2.1;  10.9; 1003.45;   22.4;   42.63;   29.8;   12.1;   10.2;eor
       2667;20230613;    1;  11.7;   3.5;    1;   0.0;   0;   15.367;-999;   0.3;   9.8; 1001.90;   22.0;   38.92;   27.8;   13.2;   11.2;eor
