STATIONS_ID;MESS_DATUM;QN_3;  FX;  FM;QN_4; RSK;RSKF; SDK;SHK_TAG;  NM; VPM;  PM; TMK; UPM; TXK; TNK; TGK;eor
       4928;20211211;   10;   8.1;   3.0;    3;   0.0;   6;    0.000;   0;   7.8;   6.1;  977.78;    2.3;   84.92;    3.3;    0.9;    0.5;eor
       4928;20211212;   10;   6.5;   2.2;    3;   0.2;   6;    1.167;   0;   7.5;   6.0;  989.13;    3.8;   74.13;    5.8;    1.1;   -1.2;eor
       4928;20211213;   10;   5.3;   1.7;    3;   0.0;   6;    0.000;   0;   7.9;   8.7;  990.64;    5.8;   94.08;    7.5;    4.1;    4.0;eor
       4928;20211214;   10;   7.2;   1.9;    3;   0.1;   6;    0.133;   0;   8.0;   8.0;  990.72;    4.8;   93.04;    5.8;    3.1;    3.5;eor
       4928;20211215;   10;   5.8;   1.8;    3;   0.0;   6;    0.000;   0;   7.9;   7.7;  994.46;    4.8;   89.50;    5.6;    3.7;    3.5;eor
       4928;20211216;   10;   6.3;   1.6;    3;   0.0;   6;    0.000;   0;   6.7;   7.3;  998.42;    4.0;   89.46;    6.0;    1.6;   -2.0;eor
       4928;20211217;   10;   6.1;   1.7;    3;   0.0;   0;    5.700;   0;   6.3;   7.1;  999.60;    4.3;   85.54;    7.4;    2.0;    1.9;eor
       4928;20211218;   10;   6.5;   2.2;    3;   0.0;   6;    0.000;   0;   8.0;   6.2;  998.44;    2.0;   87.58;    2.7;    1.1;    1.2;eor
       4928;20211219;   10;   6.1;   1.9;    3;   0.1;   6;    0.000;   0;   8.0;   6.4;  991.70;    1.5;   93.96;    2.9;    0.7;    0.8;eor
       4928;20211220;   10;   4.5;   1.4;    3;   0.0;   0;    0.917;   0;   4.9;   6.2;  987.46;    2.0;   87.54;    5.0;   -2.3;   -6.6;eor
       4928;20211221;   10;   5.4;   1.6;    3;   0.0;   0;    7.717;   0;   0.3;   4.5;  986.27;   -1.8;   84.54;    1.8;   -4.9;   -9.0;eor
       4928;20211222;   10;   5.4;   1.8;    3;   0.0;   0;    7.133;   0;   4.0;   4.0;  986.26;   -3.3;   83.54;    0.6;   -6.6;   -9.4;eor
       4928;20211223;   10;   7.9;   3.3;    3;   0.0;   6;    0.233;   0;   8.0;   5.0;  977.37;    1.2;   73.42;   10.1;   -4.8;   -6.2;eor
       4928;20211224;   10;   8.2;   2.4;    3;   6.6;   6;    0.000;   0;   7.9;   8.9;  970.10;    8.9;   78.50;   10.3;    7.3;    5.8;eor
       4928;20211225;   10;   5.7;   2.1;    3;   2.2;   6;    0.000;   0;   7.8;   9.2;  967.90;    6.3;   94.79;    9.3;    2.3;    2.6;eor
       4928;20211226;   10;   5.9;   2.1;    3;   4.6;   6;    0.233;   0;   8.0;   8.1;  969.12;    4.6;   95.08;    7.2;    2.2;    2.5;eor
       4928;20211227;   10;   8.1;   3.1;    3;   1.8;   6;    3.667;   0;   7.5;   8.8;  966.15;    7.2;   87.04;    9.1;    5.0;    3.6;eor
       4928;20211228;   10;  20.1;   5.0;    3;   4.7;   6;    1.033;   0;   7.2;   9.0;  963.13;    8.6;   80.13;   12.1;    6.2;    5.0;eor
       4928;20211229;   10;  14.4;   3.6;    3;   3.8;   6;    0.000;   0;   7.8;   9.7;  972.34;    9.2;   83.21;   13.7;    7.4;    6.7;eor
       4928;20211230;   10;  14.8;   3.2;    3;   1.2;   6;    0.850;   0;   7.6;  12.4;  982.68;   13.7;   79.21;   15.8;   11.4;   10.7;eor
       4928;20211231;   10;   6.3;   2.3;    3;   0.0;   6;    6.417;   0;   3.1;  10.7;  986.12;   11.0;   82.17;   14.2;    8.2;    5.2;eor
       4928;20220101;   10;   6.2;   2.3;    3;   0.0;   0;    7.250;   0;   6.5;   9.3;  988.84;    9.4;   78.96;   12.7;    5.4;    3.4;eor
       4928;20220102;   10;  11.3;   3.6;    3;   0.5;   6;    3.117;   0;   7.8;   8.0;  982.09;    8.1;   75.33;   15.6;    3.9;    2.9;eor
       4928;20220103;   10;  13.9;   3.7;    3;   1.2;   6;    0.167;   0;   7.9;   8.7;  978.05;   10.7;   67.96;   12.8;    8.4;    6.8;eor
       4928;20220104;   10;  15.4;   4.1;    3;  16.4;   8;    0.000;   0;   7.7;   9.6;  963.55;    8.6;   84.83;   12.4;    3.2;    2.7;eor
       4928;20220105;   10;  15.8;   4.8;    3;   0.9;   8;    2.300;   0;   7.2;   5.6;  970.96;    2.7;   74.42;    5.2;    0.8;    0.0;eor
       4928;20220106;   10;   8.2;   3.0;    3;   0.0;   8;    4.850;   0;   4.8;   5.8;  980.94;    2.3;   80.79;    4.9;   -1.4;   -2.9;eor
       4928;20220107;   10;  10.0;   3.3;    3;   2.2;   8;    0.367;   0;   7.3;   5.2;  979.57;    0.5;   81.67;    2.6;   -2.1;   -4.2;eor
       4928;20220108;   10;  19.8;   4.5;    3;   2.7;   8;    2.150;   0;   7.8;   5.4;  972.36;    2.2;   75.04;    4.3;    0.8;    0.2;eor
       4928;20220109;   10;  16.4;   4.3;    3;   0.5;   8;    1.383;   0;   7.4;   6.4;  965.45;    3.3;   82.88;    5.0;    1.5;   -1.0;eor
       4928;20220110;   10;   3.9;   1.5;    3;   0.0;   6;    0.217;   0;   7.1;   6.4;  982.42;    1.9;   90.54;    3.9;    0.7;   -2.6;eor
       4928;20220111;   10;   7.2;   1.9;    3;   0.0;   0;    0.017;   0;   7.4;   5.6;  993.89;    1.8;   81.33;    4.3;   -0.9;   -3.8;eor
       4928;20220112;   10;   4.8;   1.3;    3;   0.0;   0;    7.633;   0;   2.9;   4.5;  999.44;   -1.3;   81.54;    1.5;   -3.9;   -7.8;eor
       4928;20220113;   10;   6.9;   1.9;    3;   0.0;   0;    5.600;   0;   6.1;   4.9; 1001.50;    0.0;   79.46;    4.0;   -2.5;   -3.8;eor
       4928;20220114;   10;   5.7;   2.0;    3;   0.0;   0;    7.967;   0;   0.7;   5.2;  996.55;    1.4;   77.67;    7.0;   -2.0;   -4.1;eor
       4928;20220115;   10;   3.6;   1.2;    3;   0.0;   0;    7.633;   0;   1.4;   5.1;  989.96;   -1.3;   92.25;    2.2;   -4.4;   -6.9;eor
       4928;20220116;   10;  10.3;   1.8;    3;   0.0;   8;    0.000;   0;   7.9;   5.5;  989.42;    0.4;   87.67;    3.1;   -2.7;   -2.1;eor
       4928;20220117;   10;  11.4;   3.4;    3;   0.2;   6;    0.033;   0;   7.8;   6.4;  995.49;    3.5;   81.54;    5.1;    1.5;    1.1;eor
       4928;20220118;   10;   9.1;   2.5;    3;   0.0;   0;    2.433;   0;   7.0;   6.7;  998.06;    3.8;   83.21;    6.2;    1.8;   -0.2;eor
       4928;20220119;   10;  10.6;   2.5;    3;   1.8;   8;    5.383;   0;   3.8;   5.4;  989.14;    2.5;   74.63;    5.7;   -1.4;   -4.8;eor
       4928;20220120;   10;  13.4;   4.3;    3;   0.7;   8;    0.633;   0;   6.7;   5.8;  988.00;    2.0;   82.08;    4.4;    0.1;   -0.9;eor
       4928;20220121;   10;   9.5;   4.0;    3;   0.2;   8;    0.033;   0;   7.7;   5.0;  993.97;    1.0;   76.42;    2.3;   -0.5;   -1.8;eor
       4928;20220122;   10;   8.8;   3.6;    3;   0.2;   8;    0.000;   0;   8.0;   6.3;  994.92;    2.8;   84.67;    3.8;    1.3;    0.8;eor
       4928;20220123;   10;   5.7;   1.7;    3;   0.0;   6;    0.000;   0;   7.5;   6.3;  996.14;    3.2;   82.08;    4.9;    1.0;   -1.2;eor
       4928;20220124;   10;   5.6;   1.7;    3;   0.0;   0;    6.483;   0;   1.5;   5.7;  994.82;    2.1;   81.79;    6.5;   -0.9;   -5.3;eor
       4928;20220125;   10;   4.8;   1.8;    3;   0.0;   6;    6.433;   0;   3.0;   5.5;  994.18;   -0.1;   90.92;    3.0;   -2.6;   -7.1;eor
       4928;20220126;   10;   8.9;   2.3;    3;   0.0;   8;    0.000;   0;   8.0;   5.3;  993.81;   -1.4;   96.08;   -0.6;   -2.1;   -1.8;eor
       4928;20220127;   10;  13.0;   2.8;    3;   4.4;   6;    0.000;   0;   7.8;   5.6;  990.45;    0.8;   86.08;    4.5;   -2.3;   -1.9;eor
       4928;20220128;   10;  12.7;   4.7;    3;   0.0;   6;    1.717;   0;   6.1;   5.9;  995.15;    3.4;   76.33;    5.7;    1.9;    0.4;eor
       4928;20220129;   10;  14.0;   3.0;    3;   0.0;   6;    0.017;   0;   7.8;   6.5;  991.38;    4.3;   77.96;    7.6;    0.8;   -0.9;eor
       4928;20220130;   10;  13.9;   5.2;    3;   0.0;   0;    3.317;   0;   5.8;   6.4;  989.20;    5.3;   70.92;    7.6;    1.9;   -0.7;eor
       4928;20220131;   10;  18.1;   6.2;    3;   2.9;   8;    0.383;   0;   7.8;   6.0;  976.02;    3.4;   77.54;    5.4;    1.4;   -0.3;eor
       4928;20220201;   10;  16.2;   6.0;    3;   1.0;   8;    0.267;   0;   7.7;   6.1;  980.40;    3.6;   76.17;    7.5;    1.9;    1.1;eor
       4928;20220202;   10;  17.6;   6.2;    3;   2.2;   6;    1.350;   0;   7.0;   7.9;  981.37;    6.9;   79.13;    9.3;    5.0;    3.4;eor
       4928;20220203;   10;   6.7;   2.2;    3;   0.6;   6;    0.683;   0;   8.0;   8.6;  981.13;    7.2;   85.42;    9.7;    5.2;    2.1;eor
       4928;20220204;   10;  15.8;   3.6;    3;   2.2;   6;    1.500;   0;   7.5;   7.5;  977.73;    6.3;   79.17;    7.7;    4.1;    2.9;eor
       4928;20220205;   10;  10.6;   3.7;    3;   0.0;   0;    7.600;   0;   3.6;   5.3;  985.30;    4.1;   65.63;    7.9;    1.1;   -1.1;eor
       4928;20220206;   10;  18.9;   5.7;    3;  33.3;   8;    0.000;   0;   7.9;   6.4;  975.95;    4.9;   73.79;    7.5;    1.6;    0.6;eor
       4928;20220207;   10;  17.6;   5.8;    3;   0.0;   0;    1.733;   0;   5.3;   5.6;  984.44;    2.9;   74.13;    4.9;    0.7;   -1.0;eor
       4928;20220208;   10;  10.8;   3.3;    3;   0.0;   6;    2.200;   0;   7.0;   6.6;  993.69;    5.7;   71.13;    9.9;    0.8;   -1.0;eor
       4928;20220209;   10;   5.4;   1.9;    3;   0.0;   0;    8.967;   0;   2.6;   7.7;  990.36;    8.4;   70.46;   12.8;    4.1;    2.2;eor
       4928;20220210;   10;  11.7;   3.8;    3;   0.0;   6;    3.450;   0;   5.1;   6.5;  985.21;    5.8;   70.71;   10.6;    2.3;    0.7;eor
       4928;20220211;   10;  12.5;   4.2;    3;   0.0;   8;    4.683;   0;   4.8;   6.0;  990.90;    3.3;   78.17;    6.2;   -0.8;   -4.7;eor
       4928;20220212;   10;   9.7;   2.4;    3;   0.0;   0;    7.033;   0;   7.0;   4.9;  990.87;    1.1;   76.88;    6.8;   -3.6;   -5.6;eor
       4928;20220213;   10;   9.5;   3.8;    3;   0.0;   0;    9.067;   0;   1.5;   5.0;  980.21;    5.0;   59.42;   11.9;   -1.1;   -2.9;eor
       4928;20220214;   10;  10.0;   2.9;    3;   0.1;   6;    1.850;   0;   6.6;   6.3;  971.15;    7.8;   58.71;   12.1;    4.2;    0.4;eor
       4928;20220215;   10;  13.7;   3.5;    3;   0.0;   6;    2.250;   0;   6.8;   6.8;  976.45;    6.0;   72.17;    8.4;    3.6;    1.5;eor
       4928;20220216;   10;  13.7;   4.8;    3;   2.2;   6;    0.000;   0;   8.0;   8.2;  970.93;    8.2;   73.54;   12.7;    4.3;    3.0;eor
       4928;20220217;   10;  24.6;   8.6;    3;   0.0;   6;    5.567;   0;   6.3;   8.2;  971.85;   11.0;   61.75;   13.3;    8.2;    6.9;eor
       4928;20220218;   10;  27.5;   5.4;    3;   0.2;   6;    1.000;   0;   8.0;   7.8;  971.91;   10.7;   60.21;   16.1;    7.3;    5.8;eor
       4928;20220219;   10;  16.2;   5.7;    3;   0.0;   6;    8.483;   0;   4.4;   4.6;  979.57;    6.4;   48.04;    8.6;    4.1;    2.4;eor
       4928;20220220;   10;  14.2;   5.8;    3;   4.2;   8;    0.217;   0;   7.9;   7.0;  977.93;    7.3;   67.71;    9.8;    4.4;    3.8;eor
       4928;20220221;   10;  26.6;   7.7;    3;   0.8;   6;    3.700;   0;   6.6;   6.4;  970.32;    6.1;   67.54;   10.2;    2.0;    0.4;eor
       4928;20220222;   10;  16.8;   5.7;    3;   1.3;   6;    1.150;   0;   6.6;   6.7;  983.05;    6.4;   69.58;    9.2;    3.6;    1.9;eor
       4928;20220223;   10;  13.4;   3.1;    3;   0.0;   0;    9.233;   0;   4.2;   7.2;  987.50;    7.5;   70.79;   11.9;    4.1;    1.4;eor
       4928;20220224;   10;  24.8;   4.6;    3;   0.7;   8;    3.483;   0;   7.6;   6.8;  979.18;    7.7;   66.38;   13.4;    2.5;    1.7;eor
       4928;20220225;   10;  13.6;   4.4;    3;   0.0;   6;    6.183;   0;   5.3;   5.4;  987.09;    3.7;   67.71;    7.0;    1.5;   -0.4;eor
       4928;20220226;   10;   7.3;   2.9;    3;   0.0;   0;    4.300;   0;   6.3;   5.2;  994.51;    2.9;   69.46;    6.0;    0.2;   -2.7;eor
       4928;20220227;   10;  15.3;   4.1;    3;   0.0;   0;    9.750;   0;   0.0;   4.6;  992.83;    2.9;   63.00;    8.0;   -1.4;   -5.7;eor
       4928;20220228;   10;   8.6;   2.2;    3;   0.0;   0;   10.000;   0;   0.0;   4.0;  992.47;    3.4;   52.92;    9.7;   -2.5;   -6.8;eor
       4928;20220301;   10;   7.8;   2.4;    3;   0.0;   0;    9.033;   0;   4.0;   3.4;  990.29;    2.2;   50.00;    7.0;   -2.6;   -6.7;eor
       4928;20220302;   10;   5.3;   2.0;    3;   0.0;   0;    1.300;   0;   6.7;   4.3;  984.77;    2.1;   60.79;    6.7;   -2.5;   -5.2;eor
       4928;20220303;   10;   7.0;   2.0;    3;   0.0;   0;    9.950;   0;   0.3;   4.3;  980.07;    3.5;   57.75;    9.9;   -2.3;   -6.1;eor
       4928;20220304;   10;   7.4;   1.9;    3;   0.0;   0;   10.067;   0;   0.0;   3.6;  981.15;    2.7;   50.71;    8.7;   -2.4;   -7.2;eor
       4928;20220305;   10;   9.8;   2.6;    3;   0.0;   0;    9.983;   0;   0.5;   3.6;  982.05;    1.5;   54.00;    6.9;   -3.1;   -8.0;eor
       4928;20220306;   10;   8.1;   2.4;    3;   0.0;   0;    5.950;   0;   4.3;   3.5;  983.30;    1.2;   54.38;    6.0;   -2.8;   -7.7;eor
       4928;20220307;   10;   9.5;   3.4;    3;   0.0;   0;    8.300;   0;   3.1;   3.3;  985.25;    0.4;   52.54;    4.6;   -2.6;   -5.7;eor
       4928;20220308;   10;  14.8;   3.7;    3;   0.0;   0;   10.333;   0;   0.0;   3.1;  984.06;    2.5;   44.75;    9.2;   -3.8;   -8.5;eor
       4928;20220309;   10;   5.2;   1.8;    3;   0.0;   0;   10.350;   0;   0.6;   3.5;  985.82;    4.4;   45.00;   11.8;   -3.6;   -7.6;eor
       4928;20220310;   10;   9.9;   3.8;    3;   0.0;   0;   10.467;   0;   0.2;   3.9;  985.88;    6.7;   42.79;   14.8;   -1.3;   -3.3;eor
       4928;20220311;   10;  10.0;   4.1;    3;   0.0;   0;    9.217;   0;   3.7;   4.0;  981.02;    6.4;   42.71;   13.9;   -0.1;   -2.7;eor
       4928;20220312;   10;   7.4;   2.4;    3;   0.0;   0;    9.917;   0;   7.4;   4.8;  981.22;    7.5;   46.13;   13.9;    1.7;   -0.1;eor
       4928;20220313;   10;   7.6;   2.5;    3;   1.9;   6;   10.433;   0;   2.6;   4.8;  978.42;    8.4;   45.46;   16.5;    0.2;   -3.1;eor
       4928;20220314;   10;  10.9;   2.7;    3;   0.0;   0;    8.567;   0;   5.8;   7.0;  988.59;    9.4;   60.63;   13.7;    5.5;    1.4;eor
       4928;20220315;   10;   5.5;   1.7;    3;   4.7;   6;    0.000;   0;   7.8;   8.3;  987.04;    7.0;   81.96;    9.9;    4.5;    2.6;eor
       4928;20220316;   10;   8.5;   3.1;    3;   0.0;   0;    1.283;   0;   4.4;   9.0;  986.31;    8.4;   82.00;   11.9;    6.1;    5.9;eor
       4928;20220317;   10;   8.1;   2.4;    3;   1.4;   6;    0.000;   0;   6.3;   8.3;  989.14;    8.2;   76.33;   10.5;    6.7;    4.6;eor
       4928;20220318;   10;  10.0;   3.9;    3;   0.0;   0;    3.583;   0;   7.3;   7.9;  998.68;    7.8;   74.83;   11.0;    4.8;    2.9;eor
       4928;20220319;   10;  15.0;   3.5;    3;   0.0;   0;    9.333;   0;   2.4;   5.8;  996.53;    6.1;   62.38;   11.3;    3.0;   -1.4;eor
       4928;20220320;   10;  10.3;   3.8;    3;   0.0;   0;    8.850;   0;   3.3;   5.3;  990.88;    9.4;   45.79;   16.6;    2.6;    0.5;eor
       4928;20220321;   10;   5.9;   2.0;    3;   0.0;   0;    9.933;   0;   4.4;   5.1;  993.43;    9.2;   44.67;   15.6;    2.4;   -1.3;eor
       4928;20220322;   10;   5.2;   1.8;    3;   0.0;   0;   11.483;   0;   0.0;   5.3;  992.72;    8.8;   50.17;   16.9;    0.2;   -3.9;eor
       4928;20220323;   10;   5.8;   2.6;    3;   0.0;   0;   11.600;   0;   0.0;   4.9;  991.71;   10.3;   43.17;   17.9;    2.3;   -1.3;eor
       4928;20220324;   10;   6.5;   2.5;    3;   0.0;   0;   11.517;   0;   0.0;   4.8;  989.65;   10.9;   40.42;   18.9;    3.0;   -0.1;eor
       4928;20220325;   10;   7.5;   2.1;    3;   0.0;   0;   11.400;   0;   0.0;   5.4;  988.89;   11.0;   43.04;   18.5;    3.2;    1.1;eor
       4928;20220326;   10;   8.5;   2.3;    3;   0.0;   0;   11.633;   0;   0.0;   5.2;  990.23;   11.3;   40.71;   18.1;    3.9;   -0.2;eor
       4928;20220327;   10;   5.7;   1.3;    3;   0.0;   0;   11.733;   0;   0.0;   5.9;  989.96;   12.1;   44.04;   20.0;    3.5;   -1.7;eor
       4928;20220328;   10;   8.5;   3.0;    3;   0.0;   0;   10.500;   0;   2.4;   5.8;  983.92;   12.8;   41.75;   20.3;    4.5;    3.1;eor
       4928;20220329;   10;   6.3;   2.4;    3;   1.8;   6;    3.500;   0;   7.8;   6.5;  972.71;   12.2;   46.54;   17.0;    6.6;    3.3;eor
       4928;20220330;   10;   8.5;   2.0;    3;   0.8;   6;    0.000;   0;   7.8;   9.1;  964.52;    8.6;   81.67;   10.8;    6.5;    5.4;eor
       4928;20220331;   10;   8.8;   2.7;    3;  14.9;   6;    0.050;   0;   8.0;   8.1;  959.21;    6.0;   86.42;    8.6;    4.1;    4.0;eor
       4928;20220401;   10;   7.8;   3.4;    3;   8.7;   8;    0.000;   0;   7.6;   6.4;  963.07;    1.5;   93.63;    4.1;   -0.6;   -0.5;eor
       4928;20220402;   10;  10.0;   3.7;    3;   3.6;   8;    0.000;   1;   7.5;   5.5;  973.07;   -0.5;   93.63;    0.0;   -1.0;   -1.2;eor
       4928;20220403;   10;   7.1;   2.1;    3;   0.0;   7;    1.383;   2;   6.4;   4.8;  982.22;    0.7;   75.13;    3.8;   -1.0;   -4.3;eor
       4928;20220404;   10;  16.2;   3.9;    3;   4.4;   6;    9.117;   0;   5.8;   4.6;  978.85;    3.2;   61.83;    8.3;   -3.3;   -6.8;eor
       4928;20220405;   10;   8.9;   2.8;    3;   7.3;   6;    0.000;   0;   8.0;   7.9;  973.54;    7.3;   76.29;   10.1;    4.0;    2.8;eor
       4928;20220406;   10;  11.8;   3.7;    3;   0.1;   6;    3.983;   0;   7.5;   8.9;  969.13;   11.6;   66.67;   16.1;    9.0;    8.1;eor
       4928;20220407;   10;  19.5;   6.4;    3;   4.5;   6;    1.067;   0;   7.6;   9.0;  960.65;   11.0;   68.29;   14.3;    9.0;    7.3;eor
       4928;20220408;   10;  15.6;   4.1;    3;  36.0;   8;    0.417;   0;   7.0;   7.6;  961.79;    6.3;   80.46;   12.3;   -0.1;    0.0;eor
       4928;20220409;   10;  11.2;   4.2;    3;   0.0;   6;    6.967;   1;   5.7;   5.7;  974.56;    4.2;   71.25;    8.8;   -0.1;    0.0;eor
       4928;20220410;   10;  10.8;   3.0;    3;   0.3;   6;    3.933;   0;   6.7;   6.0;  982.99;    5.1;   68.92;    8.6;    1.7;   -2.2;eor
       4928;20220411;   10;   8.6;   2.5;    3;   0.0;   0;   11.817;   0;   6.8;   6.2;  979.69;    8.7;   58.92;   16.1;    0.5;   -2.2;eor
       4928;20220412;   10;   6.9;   3.1;    3;   0.0;   0;    9.150;   0;   7.4;   8.1;  975.97;   13.8;   53.25;   22.1;    5.0;    1.9;eor
       4928;20220413;   10;   6.8;   2.5;    3;   0.0;   0;   10.833;   0;   4.0;   9.6;  977.82;   16.8;   52.17;   23.6;    9.9;    7.5;eor
       4928;20220414;   10;  10.1;   3.0;    3;   0.0;   0;   10.633;   0;   5.0;  11.6;  981.98;   15.4;   66.50;   20.4;   10.1;    6.6;eor
       4928;20220415;   10;  10.4;   2.9;    3;   0.0;   0;   10.983;   0;   7.0;   9.8;  986.37;   14.4;   60.96;   19.0;    8.9;    6.5;eor
       4928;20220416;   10;   9.5;   2.8;    3;   0.0;   0;    6.567;   0;   3.4;   6.7;  990.70;    9.2;   59.13;   14.1;    4.9;    1.0;eor
       4928;20220417;   10;   9.5;   3.6;    3;   0.0;   0;   12.867;   0;   1.0;   5.1;  987.74;    8.9;   47.50;   15.6;    1.6;   -0.7;eor
       4928;20220418;   10;   9.0;   1.8;    3;   0.0;   0;   13.150;   0;   1.5;   5.8;  980.02;   10.2;   48.96;   16.5;    1.7;   -2.5;eor
       4928;20220419;   10;  13.5;   2.6;    3;   0.0;   0;   12.667;   0;   4.1;   6.3;  975.21;   11.3;   49.42;   17.2;    3.6;    0.3;eor
       4928;20220420;   10;  10.0;   3.3;    3;   0.0;   0;   13.233;   0;   0.0;   5.6;  975.68;    9.6;   48.79;   15.1;    3.4;   -0.4;eor
       4928;20220421;   10;   9.7;   2.7;    3;   0.0;   0;    9.567;   0;   3.5;   7.2;  971.57;   10.4;   57.92;   16.6;    4.2;   -0.2;eor
       4928;20220422;   10;   9.2;   2.4;    3;   0.0;   0;   11.500;   0;   2.4;   8.3;  965.48;   11.8;   61.46;   18.6;    4.7;    1.4;eor
       4928;20220423;   10;   8.5;   3.6;    3;   6.4;   6;    0.083;   0;   6.8;   9.4;  964.83;   11.0;   71.79;   14.7;    6.6;    5.0;eor
       4928;20220424;   10;  11.5;   2.6;    3;  14.2;   6;    0.000;   0;   7.6;  10.0;  963.94;    8.8;   87.79;   10.1;    7.1;    6.4;eor
       4928;20220425;   10;   6.8;   2.1;    3;   8.5;   6;    3.417;   0;   7.1;  10.2;  972.51;   10.5;   80.33;   13.6;    7.6;    6.3;eor
       4928;20220426;   10;  13.2;   2.9;    3;   4.2;   6;    4.200;   0;   7.1;   9.5;  977.76;    9.4;   81.04;   13.9;    6.9;    6.5;eor
       4928;20220427;   10;   7.9;   2.1;    3;   0.0;   0;    4.467;   0;   5.4;   9.3;  985.14;   10.5;   74.33;   15.8;    6.7;    3.4;eor
       4928;20220428;   10;   9.3;   2.0;    3;   0.0;   0;   13.767;   0;   0.0;   7.8;  988.96;   12.4;   58.33;   18.9;    4.4;    1.2;eor
       4928;20220429;   10;   8.2;   1.8;    3;   0.2;   6;    8.433;   0;   7.3;   8.4;  987.15;   13.2;   58.46;   20.0;    5.1;    2.7;eor
       4928;20220430;   10;   9.0;   3.6;    3;   1.8;   6;    0.217;   0;   7.9;  10.2;  984.58;    9.8;   84.50;   12.4;    8.4;    8.2;eor
       4928;20220501;   10;   6.4;   1.6;    3;   0.0;   6;    5.867;   0;   6.2;   9.7;  982.98;   11.4;   73.08;   16.3;    8.0;    5.8;eor
       4928;20220502;   10;   6.8;   1.6;    3;   0.0;   0;   10.000;   0;   4.4;  10.2;  978.83;   13.4;   67.79;   19.0;    8.0;    5.8;eor
       4928;20220503;   10;   9.7;   2.1;    3;   7.3;   6;    9.650;   0;   3.3;  11.1;  977.71;   13.5;   72.83;   20.5;    8.1;    5.5;eor
       4928;20220504;   10;   9.2;   1.8;    3;   0.5;   6;    4.683;   0;   7.3;  11.3;  979.17;   13.4;   75.38;   19.6;    9.2;    7.0;eor
       4928;20220505;   10;   7.9;   2.7;    3;   0.7;   6;    1.733;   0;   7.8;  12.0;  982.88;   12.2;   84.58;   15.2;    9.2;    8.4;eor
       4928;20220506;   10;   6.6;   2.5;    3;   0.2;   6;    2.367;   0;   7.9;  10.8;  985.34;   13.7;   70.29;   17.4;    9.7;    5.7;eor
       4928;20220507;   10;   8.1;   1.7;    3;   0.0;   6;   13.017;   0;   3.6;   9.9;  984.52;   14.6;   62.71;   20.8;    7.2;    3.7;eor
       4928;20220508;   10;   9.2;   1.8;    3;   0.0;   0;    7.183;   0;   6.4;  11.1;  985.31;   14.7;   69.00;   20.5;    7.8;    5.6;eor
       4928;20220509;   10;   7.9;   1.6;    3;   0.0;   0;   11.117;   0;   1.3;  11.8;  986.31;   16.9;   63.63;   23.5;   10.1;    7.0;eor
       4928;20220510;   10;   6.5;   2.1;    3;   0.0;   0;    8.900;   0;   6.4;  12.5;  982.90;   18.9;   59.83;   25.0;   11.5;    9.6;eor
       4928;20220511;   10;  13.2;   3.3;    3;   0.0;   0;   13.300;   0;   3.7;  11.1;  978.27;   22.4;   44.00;   28.6;   15.2;   12.1;eor
       4928;20220512;   10;  16.1;   3.4;    3;   9.0;   6;    4.467;   0;   7.1;  13.7;  981.23;   19.2;   62.67;   23.5;   15.4;   14.3;eor
       4928;20220513;   10;   9.0;   3.0;    3;   0.0;   0;    7.283;   0;   4.3;  12.4;  983.22;   17.4;   63.25;   21.5;   12.5;    8.0;eor
       4928;20220514;   10;  12.3;   2.2;    3;   0.0;   0;   14.433;   0;   3.0;  10.0;  983.57;   16.8;   55.25;   22.9;    9.6;    8.1;eor
       4928;20220515;   10;   6.8;   2.3;    3;   0.0;   6;   14.350;   0;   4.8;  10.7;  980.63;   19.1;   51.46;   26.5;    9.4;    6.8;eor
       4928;20220516;   10;  14.4;   3.4;    3;   1.5;   6;    5.233;   0;   6.8;  13.7;  981.25;   18.4;   64.38;   24.2;   14.5;   11.2;eor
       4928;20220517;   10;   5.8;   1.9;    3;   0.0;   0;   14.650;   0;   4.7;  13.1;  984.06;   19.3;   60.83;   24.9;   12.8;   11.4;eor
       4928;20220518;   10;   9.6;   3.1;    3;   0.0;   0;   14.467;   0;   4.7;  13.2;  984.73;   21.4;   54.63;   27.5;   13.3;   10.7;eor
       4928;20220519;   10;  15.4;   2.1;    3;   0.9;   6;   12.067;   0;   6.3;  15.0;  983.54;   22.1;   58.17;   30.1;   14.5;    8.8;eor
       4928;20220520;   10;  17.3;   3.8;    3;   0.5;   6;   10.883;   0;   5.8;  16.3;  981.92;   23.3;   60.79;   31.7;   16.1;   14.2;eor
       4928;20220521;   10;  10.2;   3.9;    3;   0.0;   0;   13.333;   0;   3.3;  11.5;  984.34;   17.0;   60.08;   21.3;   12.3;    8.0;eor
       4928;20220522;   10;   5.5;   2.0;    3;   1.5;   6;   11.283;   0;   5.8;  11.5;  977.60;   17.9;   58.63;   24.0;   10.6;    7.5;eor
       4928;20220523;   10;  14.9;   3.3;    3;   3.2;   6;    2.233;   0;   7.1;  15.0;  968.55;   18.0;   72.50;   23.3;   13.8;   12.1;eor
       4928;20220524;   10;  17.9;   3.0;    3;   1.5;   6;    3.833;   0;   7.3;  12.2;  972.15;   16.0;   68.08;   19.7;   11.7;   10.9;eor
       4928;20220525;   10;  10.4;   2.9;    3;   0.0;   0;    9.400;   0;   5.6;   9.7;  979.98;   16.4;   52.83;   21.1;   12.5;   10.9;eor
       4928;20220526;   10;   8.5;   3.0;    3;   0.0;   0;    5.067;   0;   5.2;  10.8;  985.81;   16.4;   57.71;   20.1;   13.6;   11.1;eor
       4928;20220527;   10;  13.5;   4.1;    3;   0.0;   6;    4.700;   0;   6.2;  11.8;  984.44;   15.8;   65.67;   20.0;   13.1;   12.0;eor
       4928;20220528;   10;   9.0;   3.4;    3;   0.3;   6;   11.100;   0;   6.2;   8.2;  981.87;   13.4;   54.13;   17.4;    9.5;    8.2;eor
       4928;20220529;   10;   9.9;   2.5;    3;   1.3;   6;    6.533;   0;   5.2;   8.5;  975.46;   11.1;   64.54;   14.4;    6.0;    2.8;eor
       4928;20220530;   10;   5.2;   1.7;    3;   0.0;   0;   13.333;   0;   2.0;   7.4;  974.67;   12.4;   56.17;   18.6;    4.4;    1.2;eor
       4928;20220531;   10;   8.6;   2.2;    3;   0.7;   6;    9.017;   0;   5.0;   9.1;  975.38;   15.5;   53.33;   21.5;    7.6;    4.6;eor
       4928;20220601;   10;  12.5;   3.4;    3;   0.0;   0;   11.050;   0;   4.2;   9.8;  977.83;   17.8;   50.08;   23.1;   10.9;    8.0;eor
       4928;20220602;   10;   8.5;   2.0;    3;   0.0;   6;   11.517;   0;   7.3;  10.1;  981.63;   17.8;   49.79;   22.8;   12.6;   10.9;eor
       4928;20220603;   10;   6.7;   1.8;    3;   1.9;   6;    6.650;   0;   7.3;  15.6;  978.99;   19.7;   68.25;   26.7;   13.1;   10.3;eor
       4928;20220604;   10;   7.2;   1.8;    3;   7.4;   6;    7.500;   0;   5.7;  17.9;  980.57;   19.4;   80.25;   24.5;   14.7;   13.0;eor
       4928;20220605;   10;  14.4;   3.8;    3;  10.5;   6;    3.717;   0;   6.7;  17.2;  978.55;   18.3;   81.79;   23.5;   15.6;   13.8;eor
       4928;20220606;   10;   9.9;   2.9;    3;   0.1;   6;    6.533;   0;   6.1;  13.5;  980.13;   18.7;   64.21;   23.6;   13.7;   11.8;eor
       4928;20220607;   10;  15.6;   2.4;    3;   0.1;   6;    4.100;   0;   7.3;  13.2;  978.49;   17.6;   66.58;   22.0;   14.6;   12.9;eor
       4928;20220608;   10;  10.1;   2.8;    3;   2.6;   6;    6.933;   0;   6.1;  13.1;  973.97;   16.9;   70.29;   22.6;   13.1;   11.5;eor
       4928;20220609;   10;  13.4;   4.1;    3;   0.0;   0;    8.567;   0;   5.9;  11.9;  978.92;   15.6;   68.08;   20.4;   12.5;   11.1;eor
       4928;20220610;   10;   6.0;   1.7;    3;   0.0;   0;   11.333;   0;   1.8;  11.3;  985.91;   17.8;   58.17;   24.0;   10.5;    9.0;eor
       4928;20220611;   10;   6.3;   2.0;    3;   0.0;   0;   14.983;   0;   0.3;  13.0;  985.72;   20.6;   55.75;   26.9;   12.7;   10.3;eor
       4928;20220612;   10;  17.7;   2.5;    3;   6.4;   6;   11.350;   0;   2.2;  14.8;  983.35;   22.4;   56.67;   28.2;   15.0;   12.3;eor
       4928;20220613;   10;  10.0;   3.7;    3;   0.0;   0;   12.833;   0;   3.0;  11.8;  983.52;   18.4;   57.75;   22.7;   14.5;   11.1;eor
       4928;20220614;   10;   7.7;   2.2;    3;   0.0;   0;   14.283;   0;   3.4;  10.9;  983.20;   19.2;   51.38;   26.0;   11.3;    8.0;eor
       4928;20220615;   10;   6.6;   1.8;    3;   0.0;   0;   14.700;   0;   1.9;  11.8;  979.67;   22.7;   45.83;   30.3;   13.0;    9.9;eor
       4928;20220616;   10;  11.2;   3.9;    3;   0.0;   0;   13.800;   0;   2.5;  12.1;  981.71;   22.7;   45.54;   28.3;   16.2;   14.7;eor
       4928;20220617;   10;   4.3;   1.8;    3;   0.0;   0;   14.667;   0;   6.3;  10.4;  986.51;   22.2;   41.08;   28.8;   14.8;   12.4;eor
       4928;20220618;   10;   8.2;   3.1;    3;   0.0;   0;   14.017;   0;   1.5;  13.1;  981.40;   26.1;   42.08;   34.0;   16.6;   14.9;eor
       4928;20220619;   10;  11.8;   3.0;    3;   2.3;   6;   14.050;   0;   0.5;  14.4;  972.76;   28.9;   38.79;   36.3;   20.1;   16.9;eor
       4928;20220620;   10;  14.8;   3.9;    3;   0.0;   0;    6.083;   0;   5.6;  16.7;  975.88;   21.0;   67.25;   26.8;   13.8;   11.4;eor
       4928;20220621;   10;   7.8;   2.4;    3;   0.0;   6;   11.450;   0;   6.2;  13.5;  976.11;   20.8;   55.54;   27.7;   11.9;   10.1;eor
       4928;20220622;   10;   5.1;   1.4;    3;   9.3;   6;    0.133;   0;   7.9;  18.9;  974.76;   20.5;   78.63;   22.7;   18.6;   17.3;eor
       4928;20220623;   10;   9.6;   2.2;    3;   3.9;   6;   13.183;   0;   3.3;  18.3;  974.87;   23.7;   65.67;   30.3;   17.3;   15.9;eor
       4928;20220624;   10;  10.2;   2.7;    3;   6.2;   6;    5.583;   0;   6.4;  17.4;  973.87;   19.0;   80.17;   24.4;   15.2;   14.0;eor
       4928;20220625;   10;   7.0;   2.5;    3;   0.0;   6;   13.833;   0;   2.4;  14.6;  976.63;   20.8;   61.79;   27.3;   14.3;   13.1;eor
       4928;20220626;   10;  17.2;   2.4;    3;   9.9;   6;   11.867;   0;   4.7;  16.2;  976.91;   22.6;   60.08;   27.9;   17.7;   16.4;eor
       4928;20220627;   10;  15.7;   3.5;    3;   1.4;   6;    1.317;   0;   7.8;  17.6;  980.42;   18.2;   84.42;   21.4;   15.9;   15.1;eor
       4928;20220628;   10;   8.5;   2.2;    3;   0.0;   0;    5.783;   0;   7.0;  15.9;  982.39;   19.7;   70.54;   24.5;   14.6;   13.1;eor
       4928;20220629;   10;   6.4;   1.9;    3;   0.0;   0;   10.900;   0;   3.7;  17.0;  976.79;   21.9;   66.50;   27.6;   16.0;   14.2;eor
       4928;20220630;   10;  13.0;   2.6;    3;  13.4;   6;    9.300;   0;   3.7;  17.5;  975.13;   22.8;   65.67;   31.5;   13.6;   13.4;eor
       4928;20220701;   10;   9.2;   2.8;    3;   4.3;   6;    4.750;   0;   5.5;  13.6;  982.92;   15.2;   79.38;   19.6;   12.5;   11.8;eor
       4928;20220702;   10;   9.9;   3.0;    3;   0.0;   0;   15.333;   0;   0.0;  13.0;  984.17;   19.6;   60.67;   25.6;   11.7;    9.5;eor
       4928;20220703;   10;   7.3;   2.6;    3;   0.0;   0;   15.050;   0;   1.1;  14.1;  981.11;   23.4;   51.08;   29.1;   15.8;   14.6;eor
       4928;20220704;   10;   7.6;   2.9;    3;   0.0;   0;    9.283;   0;   6.8;  13.6;  981.98;   21.4;   54.21;   26.4;   17.3;   14.9;eor
       4928;20220705;   10;   9.9;   2.8;    3;   0.0;   0;   14.817;   0;   0.3;  11.5;  983.39;   21.3;   47.25;   26.6;   14.9;   11.7;eor
       4928;20220706;   10;   9.8;   3.9;    3;   0.0;   0;   12.500;   0;   3.1;  11.4;  985.87;   18.5;   53.79;   23.0;   14.7;   12.2;eor
       4928;20220707;   10;  13.2;   4.0;    3;   0.0;   6;    1.667;   0;   7.6;  12.2;  985.88;   17.3;   61.46;   19.9;   14.5;   13.0;eor
       4928;20220708;   10;   8.6;   2.9;    3;   0.0;   0;   13.733;   0;   2.8;  10.1;  991.57;   17.4;   52.21;   22.4;   12.5;   11.9;eor
       4928;20220709;   10;  11.6;   2.7;    3;   0.4;   6;    9.783;   0;   6.1;  12.5;  988.40;   19.2;   58.21;   25.7;   11.8;   10.7;eor
       4928;20220710;   10;   9.8;   3.4;    3;   0.0;   0;    7.700;   0;   5.8;  11.7;  986.50;   17.1;   61.38;   21.0;   14.5;   13.7;eor
       4928;20220711;   10;   5.4;   1.6;    3;   0.0;   0;    6.367;   0;   6.5;  12.9;  985.67;   19.0;   59.79;   24.2;   14.3;   12.8;eor
       4928;20220712;   10;   6.4;   1.5;    3;   0.0;   0;   14.300;   0;   3.3;  12.8;  986.97;   21.0;   53.83;   27.2;   14.0;   11.3;eor
       4928;20220713;   10;   6.4;   2.5;    3;   0.0;   6;    8.467;   0;   6.2;  12.3;  984.77;   23.7;   46.25;   32.3;   15.3;   14.1;eor
       4928;20220714;   10;  13.6;   3.9;    3;   0.0;   0;   11.400;   0;   5.7;  12.9;  980.65;   25.2;   42.63;   33.8;   17.4;   15.6;eor
       4928;20220715;   10;   9.7;   2.6;    3;   0.0;   0;   14.083;   0;   1.2;  10.2;  983.08;   20.5;   43.33;   25.7;   15.1;   11.4;eor
       4928;20220716;   10;   8.5;   2.5;    3;   0.0;   0;   14.917;   0;   0.6;   9.8;  985.32;   20.0;   43.58;   25.9;   12.9;    9.9;eor
       4928;20220717;   10;   6.0;   1.8;    3;   0.0;   0;   14.817;   0;   1.6;   9.5;  987.61;   22.1;   39.00;   28.9;   13.1;    9.7;eor
       4928;20220718;   10;   5.4;   1.9;    3;   0.0;   0;   14.883;   0;   3.8;  10.3;  985.78;   24.7;   36.38;   32.7;   13.9;   10.9;eor
       4928;20220719;   10;  10.7;   3.5;    3;   0.0;   0;   14.883;   0;   0.3;  11.8;  981.56;   27.2;   36.67;   35.8;   16.6;   15.0;eor
       4928;20220720;   10;  16.2;   3.1;    3;   8.3;   6;    9.300;   0;   5.1;  16.1;  980.36;   25.8;   51.54;   35.1;   18.9;   16.4;eor
       4928;20220721;   10;   8.8;   2.2;    3;   0.0;   4;    9.150;   0;   3.8;  17.0;  983.56;   22.8;   63.67;   28.0;   18.7;   16.8;eor
       4928;20220722;   10;   9.4;   2.2;    3;   0.0;   6;   13.950;   0;   2.8;  16.2;  981.02;   24.4;   55.63;   31.9;   16.8;   14.7;eor
       4928;20220723;   10;  10.1;   2.8;    3;   0.0;   6;    7.833;   0;   6.8;  16.4;  980.93;   24.6;   53.58;   29.1;   19.3;   18.8;eor
       4928;20220724;   10;   5.3;   1.7;    3;   0.0;   0;   13.367;   0;   1.8;  16.2;  981.14;   25.5;   52.38;   31.6;   18.2;   17.2;eor
       4928;20220725;   10;  15.2;   4.0;    3;   0.9;   6;   11.183;   0;   2.4;  16.1;  975.44;   26.8;   48.33;   35.4;   19.3;   17.5;eor
       4928;20220726;   10;  12.7;   3.6;    3;   0.0;   0;   11.750;   0;   4.5;  13.3;  979.03;   21.9;   52.42;   26.5;   17.8;   16.1;eor
       4928;20220727;   10;   8.7;   2.8;    3;   0.0;   0;    6.467;   0;   6.1;  12.7;  979.29;   20.5;   53.50;   25.5;   16.5;   15.2;eor
       4928;20220728;   10;  12.4;   2.7;    3;   0.2;   6;   11.517;   0;   6.9;  13.2;  977.57;   22.4;   50.25;   30.1;   15.1;   13.3;eor
       4928;20220729;   10;   9.5;   2.4;    3;   0.5;   6;    6.367;   0;   6.2;  17.9;  978.15;   20.9;   73.29;   26.6;   17.0;   15.0;eor
       4928;20220730;   10;  11.2;   3.4;    3;   0.0;   0;   11.417;   0;   3.3;  12.5;  981.08;   22.4;   48.46;   28.8;   16.4;   14.7;eor
       4928;20220731;   10;   9.1;   2.7;    3;   0.0;   0;    6.683;   0;   6.1;  13.0;  980.56;   23.6;   47.38;   31.3;   16.1;   14.6;eor
       4928;20220801;   10;  11.0;   3.9;    3;   0.0;   6;    8.817;   0;   5.0;  15.5;  980.39;   23.5;   54.33;   28.8;   18.1;   16.4;eor
       4928;20220802;   10;   5.5;   1.8;    3;   0.0;   6;   12.267;   0;   5.1;  15.3;  981.06;   23.4;   56.08;   30.0;   17.0;   15.7;eor
       4928;20220803;   10;   6.7;   2.4;    3;   0.0;   0;   14.483;   0;   1.7;  15.1;  978.95;   26.2;   48.42;   34.0;   17.3;   15.6;eor
       4928;20220804;   10;   6.5;   2.3;    3;   0.0;   0;   13.733;   0;   0.5;  15.2;  976.72;   29.0;   41.25;   36.7;   19.8;   17.9;eor
       4928;20220805;   10;  11.8;   3.8;    3;   2.2;   6;   10.567;   0;   5.1;  16.4;  979.33;   25.4;   52.13;   32.1;   18.7;   17.0;eor
       4928;20220806;   10;   7.7;   2.6;    3;   0.0;   0;   11.033;   0;   4.5;  10.9;  986.24;   20.4;   46.63;   25.9;   16.1;   12.4;eor
       4928;20220807;   10;  10.2;   2.4;    3;   0.0;   0;   14.350;   0;   0.2;   9.1;  984.05;   21.0;   38.50;   27.9;   13.4;    9.9;eor
       4928;20220808;   10;   7.7;   1.8;    3;   0.0;   0;   14.100;   0;   0.5;  10.1;  984.43;   22.3;   39.88;   30.2;   13.4;   10.5;eor
       4928;20220809;   10;   9.2;   2.3;    3;   0.0;   0;   14.067;   0;   0.1;  10.5;  986.06;   23.1;   39.54;   30.7;   14.9;   11.7;eor
       4928;20220810;   10;  13.1;   3.6;    3;   0.0;   4;   14.067;   0;   0.1;  10.2;  985.42;   23.4;   37.42;   29.6;   16.2;   13.0;eor
       4928;20220811;   10;  11.2;   2.9;    3;   0.0;   0;   13.683;   0;   2.4;   9.6;  982.80;   23.3;   35.42;   30.5;   15.6;   11.7;eor
       4928;20220812;   10;  10.9;   2.8;    3;   0.0;   0;   11.817;   0;   0.9;   9.8;  980.47;   22.9;   36.63;   29.3;   16.2;   12.5;eor
       4928;20220813;   10;   9.8;   2.3;    3;   0.0;   0;   13.667;   0;   2.0;  10.6;  978.42;   22.5;   41.67;   29.7;   14.4;   11.8;eor
       4928;20220814;   10;  10.7;   2.7;    3;   0.0;   6;   11.200;   0;   4.5;  11.1;  971.96;   24.1;   40.96;   31.8;   14.7;   11.8;eor
       4928;20220815;   10;  14.8;   2.7;    3;   0.0;   6;    6.933;   0;   5.6;  14.6;  970.95;   22.0;   55.96;   28.0;   18.0;   17.0;eor
       4928;20220816;   10;   5.3;   1.8;    3;   0.0;   0;    9.333;   0;   3.3;  14.7;  973.52;   22.6;   55.79;   29.3;   16.5;   15.2;eor
       4928;20220817;   10;  11.1;   1.6;    3;   2.1;   6;    5.100;   0;   6.9;  15.7;  974.66;   21.8;   61.17;   27.8;   17.0;   14.2;eor
       4928;20220818;   10;  10.6;   3.0;    3;   0.0;   6;    5.500;   0;   7.7;  17.2;  975.16;   21.6;   67.50;   26.7;   17.6;   16.8;eor
       4928;20220819;   10;  11.9;   3.9;    3;   0.5;   6;    0.433;   0;   7.9;  17.8;  976.41;   20.2;   75.08;   23.1;   18.8;   17.8;eor
       4928;20220820;   10;  10.7;   3.0;    3;   4.7;   6;    4.550;   0;   4.6;  15.9;  979.87;   21.1;   64.04;   25.1;   16.9;   14.6;eor
       4928;20220821;   10;   5.4;   1.8;    3;   0.0;   0;   12.500;   0;   1.0;  12.3;  979.29;   20.7;   53.29;   27.4;   13.6;   11.9;eor
       4928;20220822;   10;   7.1;   2.6;    3;   0.0;   0;   11.117;   0;   1.9;  12.8;  977.80;   21.1;   54.21;   28.6;   13.0;   11.3;eor
       4928;20220823;   10;   6.4;   2.4;    3;   0.0;   0;   12.200;   0;   1.1;  12.3;  979.85;   22.4;   49.00;   30.0;   14.2;   12.0;eor
       4928;20220824;   10;   8.9;   2.9;    3;   0.0;   0;   12.600;   0;   6.6;  13.9;  981.25;   23.1;   51.96;   30.6;   15.0;   13.7;eor
       4928;20220825;   10;   7.7;   2.1;    3;   0.0;   0;   10.650;   0;   1.7;  16.0;  978.56;   23.7;   56.67;   30.4;   16.6;   14.6;eor
       4928;20220826;   10;  13.0;   2.7;    3;   4.1;   6;    5.500;   0;   6.5;  17.3;  976.36;   21.8;   68.75;   30.9;   17.5;   16.5;eor
       4928;20220827;   10;   5.9;   2.0;    3;   6.5;   6;    0.283;   0;   7.0;  19.6;  977.77;   18.9;   89.79;   21.4;   17.6;   16.9;eor
       4928;20220828;   10;   6.9;   1.7;    3;   0.0;   0;    7.167;   0;   6.4;  17.4;  980.06;   20.4;   74.29;   25.4;   16.8;   14.5;eor
       4928;20220829;   10;   5.3;   1.7;    3;   0.0;   0;   11.767;   0;   3.3;  14.6;  981.81;   20.8;   61.88;   27.9;   14.2;   12.7;eor
       4928;20220830;   10;   7.8;   1.9;    3;   2.6;   6;    9.083;   0;   5.8;  14.5;  980.95;   22.5;   55.50;   29.2;   15.0;   13.1;eor
       4928;20220831;   10;   9.7;   2.1;    3;   0.1;   6;    2.200;   0;   5.3;  15.8;  981.94;   18.2;   76.71;   23.2;   14.3;   12.3;eor
       4928;20220901;   10;   9.4;   2.8;    3;   0.0;   0;    5.617;   0;   4.6;  14.0;  981.38;   17.6;   71.71;   24.1;   12.7;   10.9;eor
       4928;20220902;   10;  10.5;   3.5;    3;   0.0;   6;   11.400;   0;   4.3;  11.1;  978.00;   18.4;   55.50;   24.9;   11.4;    9.2;eor
       4928;20220903;   10;   8.8;   2.0;    3;   2.5;   6;    3.633;   0;   7.5;  14.8;  976.88;   18.1;   70.71;   22.2;   15.7;   14.2;eor
       4928;20220904;   10;   4.7;   1.8;    3;   0.0;   0;   11.000;   0;   1.8;  15.2;  982.27;   20.0;   68.54;   26.5;   14.0;   13.6;eor
       4928;20220905;   10;   6.0;   2.2;    3;   0.2;   6;   11.017;   0;   3.2;  14.5;  982.75;   21.7;   60.04;   30.3;   13.7;   12.8;eor
       4928;20220906;   10;   9.7;   2.5;    3;   0.2;   6;    5.800;   0;   6.6;  17.3;  979.97;   21.6;   67.83;   28.5;   16.4;   15.2;eor
       4928;20220907;   10;   9.1;   2.7;    3;   1.6;   6;    8.317;   0;   6.2;  16.2;  976.95;   22.2;   62.21;   28.4;   17.6;   16.0;eor
       4928;20220908;   10;   9.5;   2.8;    3;   0.2;   6;    4.083;   0;   5.6;  14.3;  975.12;   18.5;   67.88;   22.9;   14.9;   13.1;eor
       4928;20220909;   10;  13.8;   3.0;    3;   6.6;   6;    4.633;   0;   6.0;  12.2;  976.65;   17.4;   62.33;   22.7;   13.8;   11.9;eor
       4928;20220910;   10;  11.0;   2.7;    3;   5.4;   6;    1.533;   0;   7.7;  14.0;  978.76;   15.3;   81.21;   18.7;   13.3;   12.9;eor
       4928;20220911;   10;   7.4;   2.5;    3;   0.0;   6;    5.117;   0;   5.0;  14.2;  981.48;   16.7;   75.46;   21.5;   12.4;   10.2;eor
       4928;20220912;   10;   7.1;   2.5;    3;   0.0;   0;   12.167;   0;   4.4;  12.2;  978.69;   17.8;   64.29;   25.5;   10.9;    8.5;eor
       4928;20220913;   10;   5.4;   2.2;    3;   9.7;   6;    6.400;   0;   7.5;  13.2;  974.08;   20.2;   58.79;   28.0;   13.4;   11.7;eor
       4928;20220914;   10;  11.8;   2.7;    3;   2.5;   6;    3.617;   0;   7.3;  18.5;  969.55;   20.0;   79.79;   26.1;   17.0;   16.2;eor
       4928;20220915;   10;   7.9;   2.5;    3;  18.2;   6;    2.333;   0;   7.0;  15.5;  971.34;   16.3;   83.46;   18.4;   13.6;   12.2;eor
       4928;20220916;   10;   9.3;   2.7;    3;   1.8;   6;    2.167;   0;   6.8;  11.6;  974.31;   13.0;   77.83;   16.4;    9.8;    9.1;eor
       4928;20220917;   10;  13.8;   4.5;    3;   3.5;   6;    3.600;   0;   7.3;   9.7;  977.60;   10.2;   78.21;   13.7;    8.3;    7.2;eor
       4928;20220918;   10;  16.3;   4.7;    3;   2.5;   6;    0.817;   0;   7.8;   9.3;  979.24;   11.3;   70.83;   14.7;    8.0;    7.7;eor
       4928;20220919;   10;  11.3;   3.2;    3;   1.6;   6;    1.700;   0;   6.2;  10.0;  982.64;   10.1;   81.17;   15.0;    6.9;    5.8;eor
       4928;20220920;   10;   9.7;   2.5;    3;   0.0;   6;    5.250;   0;   5.0;   9.1;  985.52;   10.7;   72.29;   15.5;    6.7;    3.8;eor
       4928;20220921;   10;   7.6;   1.8;    3;   0.0;   0;    9.983;   0;   0.5;   8.6;  987.32;   10.3;   71.92;   17.1;    4.2;    2.4;eor
       4928;20220922;   10;   8.1;   1.9;    3;   0.0;   0;   11.417;   0;   0.9;   8.4;  984.67;   10.8;   68.75;   18.8;    3.8;    1.1;eor
       4928;20220923;   10;   5.4;   1.9;    3;   0.0;   0;    9.450;   0;   7.8;   9.8;  979.87;   12.3;   70.29;   19.0;    5.9;    4.0;eor
       4928;20220924;   10;   4.6;   1.7;    3;   5.6;   6;    0.317;   0;   7.7;  13.3;  975.85;   12.9;   88.38;   16.1;   10.2;    9.3;eor
       4928;20220925;   10;   7.7;   2.5;    3;   0.0;   6;    0.867;   0;   7.7;  12.8;  975.12;   12.5;   88.75;   15.3;   10.8;    9.6;eor
       4928;20220926;   10;  11.5;   2.8;    3;   5.4;   6;    3.167;   0;   6.7;  10.3;  969.73;   12.1;   73.67;   17.0;    8.9;    7.2;eor
       4928;20220927;   10;  13.5;   3.8;    3;  10.9;   6;    1.683;   0;   7.1;   9.5;  964.28;    9.2;   81.58;   11.7;    7.2;    6.3;eor
       4928;20220928;   10;   9.2;   3.1;    3;   0.8;   6;    4.583;   0;   7.9;   9.5;  962.38;    9.9;   78.96;   12.9;    7.2;    5.7;eor
       4928;20220929;   10;   4.6;   1.8;    3;   0.0;   0;    1.350;   0;   7.8;   9.5;  966.25;    9.6;   80.38;   13.8;    6.1;    4.7;eor
       4928;20220930;   10;   4.7;   1.4;    3;   0.0;   0;    6.250;   0;   4.7;   9.6;  973.98;   10.2;   78.92;   16.2;    5.6;    4.1;eor
       4928;20221001;    3;  10.1;   3.1;    3;   6.7;   6;    0.133;   0;   7.5;  10.9;  976.45;   11.3;   81.21;   14.8;    8.0;    7.1;eor
       4928;20221002;    3;   8.2;   2.0;    3;  19.2;   6;    0.000;   0;   7.6;  13.5;  983.17;   12.4;   93.17;   13.5;   11.1;   10.7;eor
       4928;20221003;    3;   5.1;   1.7;    3;   0.0;   0;    6.183;   0;   7.1;  11.1;  988.82;   11.6;   82.38;   15.4;    7.0;    4.9;eor
       4928;20221004;    3;   4.7;   2.2;    3;   0.0;   0;    8.383;   0;   5.3;  10.6;  985.48;   11.3;   81.00;   19.2;    5.1;    4.3;eor
       4928;20221005;    3;   7.7;   2.5;    3;   0.0;   0;   10.300;   0;   5.0;  12.2;  984.33;   15.7;   70.67;   24.6;    7.8;    6.4;eor
       4928;20221006;    3;   6.2;   2.1;    3;   0.0;   0;    2.750;   0;   6.3;  12.3;  991.72;   14.9;   73.17;   17.5;   11.7;   10.0;eor
       4928;20221007;    3;   7.4;   2.2;    3;   0.0;   0;    8.550;   0;   7.6;  13.3;  986.37;   15.0;   78.46;   19.7;   11.2;   10.9;eor
       4928;20221008;    3;  10.3;   2.6;    3;   0.0;   0;    7.633;   0;   5.6;  11.7;  984.67;   13.8;   75.42;   17.2;    7.8;    4.9;eor
       4928;20221009;    3;  12.4;   2.8;    3;   0.0;   6;   10.167;   0;   2.1;   9.9;  984.33;   11.2;   77.08;   17.4;    5.7;    2.1;eor
       4928;20221010;    3;  10.8;   2.1;    3;   8.0;   6;    4.867;   0;   6.7;  12.9;  981.15;   14.8;   77.96;   21.3;    9.6;    8.7;eor
       4928;20221011;    3;   5.2;   2.1;    3;   0.0;   0;    0.733;   0;   7.9;  13.7;  986.32;   13.4;   89.00;   15.5;   11.8;   10.7;eor
       4928;20221012;    3;   5.4;   1.8;    3;   0.0;   0;    2.817;   0;   5.9;  12.8;  985.64;   13.0;   86.38;   16.6;   10.4;    8.7;eor
       4928;20221013;    3;   5.6;   2.1;    3;   0.9;   6;    2.100;   0;   7.3;  13.1;  982.84;   13.3;   86.21;   17.1;   10.5;    9.5;eor
       4928;20221014;    3;   8.4;   2.4;    3;  12.8;   6;    0.017;   0;   7.9;  14.1;  977.88;   13.9;   89.04;   17.5;   11.5;   11.2;eor
       4928;20221015;    3;  10.0;   2.6;    3;   1.3;   6;    0.783;   0;   7.6;  15.4;  974.87;   16.1;   84.29;   19.2;   14.0;   13.5;eor
       4928;20221016;    3;   5.8;   2.3;    3;   0.0;   0;    3.900;   0;   7.4;  15.6;  980.83;   17.5;   78.88;   23.1;   13.9;   11.9;eor
       4928;20221017;    3;   8.0;   2.6;    3;   0.0;   0;    9.567;   0;   5.9;  14.6;  986.95;   17.4;   75.96;   25.6;   12.0;   10.8;eor
       4928;20221018;    3;   9.1;   2.7;    3;   0.0;   6;    4.300;   0;   5.5;  15.2;  989.08;   16.5;   80.88;   21.0;   13.4;   10.9;eor
       4928;20221019;    3;   8.0;   2.3;    3;   0.0;   0;    3.450;   0;   7.3;  14.1;  986.68;   14.0;   88.33;   18.1;   10.7;    8.7;eor
       4928;20221020;    3;   5.3;   1.8;    3;   1.9;   6;    2.650;   0;   7.8;  13.6;  979.70;   13.2;   89.29;   16.1;    9.7;    7.1;eor
       4928;20221021;    3;   7.5;   2.6;    3;   6.0;   6;    0.000;   0;   7.8;  14.7;  975.79;   15.2;   85.54;   17.6;   12.1;   10.9;eor
       4928;20221022;    3;   7.5;   2.6;    3;   0.0;   6;    7.433;   0;   5.4;  13.0;  979.46;   15.4;   75.13;   20.5;   11.6;    9.4;eor
       4928;20221023;    3;  11.4;   2.8;    3;   0.0;   6;    3.983;   0;   7.3;  13.3;  977.06;   15.8;   75.25;   20.6;   10.3;    9.0;eor
       4928;20221024;    3;  20.7;   3.6;    3;  12.4;   6;    0.867;   0;   6.9;  13.5;  977.65;   15.6;   76.38;   18.7;    9.8;    9.2;eor
       4928;20221025;    3;   7.1;   2.3;    3;   0.3;   6;    5.217;   0;   4.2;  12.7;  981.39;   13.6;   81.88;   18.3;   10.8;    8.1;eor
       4928;20221026;    3;   6.6;   2.1;    3;   0.0;   6;    3.550;   0;   7.3;  13.7;  982.94;   15.4;   79.04;   20.6;   11.3;   10.5;eor
       4928;20221027;    3;   6.5;   3.1;    3;   0.0;   0;    8.667;   0;   3.0;  13.5;  987.29;   15.6;   77.42;   22.6;    9.7;    9.0;eor
       4928;20221028;    3;   7.3;   3.5;    3;   0.0;   6;    1.783;   0;   7.8;  14.0;  986.20;   16.8;   73.83;   22.0;   12.3;   11.3;eor
       4928;20221029;    3;   5.7;   3.0;    3;   0.0;   0;    6.617;   0;   7.0;  14.7;  985.10;   17.1;   76.63;   23.9;   12.0;   10.9;eor
       4928;20221030;    3;   7.0;   2.7;    3;   0.0;   0;    7.500;   0;   6.9;  14.0;  983.22;   16.4;   76.42;   22.5;   12.0;    9.4;eor
       4928;20221031;    3;   7.2;   2.4;    3;   0.0;   6;    3.233;   0;   7.4;  12.6;  981.73;   12.8;   85.63;   17.0;    9.6;    8.7;eor
       4928;20221101;    3;   8.4;   2.7;    3;   0.0;   6;    2.350;   0;   7.0;  12.3;  982.39;   13.6;   78.79;   17.8;    9.0;    6.8;eor
       4928;20221102;    3;   7.0;   2.5;    3;   0.0;   6;    4.683;   0;   6.6;   9.9;  986.20;   10.8;   77.50;   15.3;    6.9;    5.2;eor
       4928;20221103;    3;   8.0;   3.2;    3;   1.6;   6;    2.317;   0;   7.5;   9.8;  975.48;    9.3;   83.67;   12.5;    5.0;    3.4;eor
       4928;20221104;    3;   6.6;   1.9;    3;   2.7;   6;    0.600;   0;   7.8;   9.7;  971.58;    9.5;   81.83;   11.9;    8.1;    6.0;eor
       4928;20221105;    3;   8.8;   2.5;    3;   0.2;   6;    0.717;   0;   7.7;   9.4;  981.24;    7.8;   88.13;   10.1;    4.4;    2.4;eor
       4928;20221106;    3;   9.3;   2.8;    3;   0.0;   6;    5.800;   0;   7.0;   7.9;  979.10;    6.6;   81.96;   11.6;    1.5;    1.3;eor
       4928;20221107;    3;   9.7;   2.7;    3;   0.0;   0;    1.533;   0;   7.0;  10.2;  979.69;   12.0;   72.83;   15.3;    8.5;    7.0;eor
       4928;20221108;    3;   8.3;   3.7;    3;   3.4;   6;    3.650;   0;   7.2;   9.5;  976.89;   10.5;   76.04;   18.0;    5.1;    2.8;eor
       4928;20221109;    3;   8.0;   2.4;    3;   2.7;   6;    0.000;   0;   7.7;  12.2;  977.93;   11.9;   87.67;   14.8;    9.5;    9.1;eor
       4928;20221110;    3;   5.3;   1.8;    3;   0.0;   0;    8.083;   0;   4.9;  10.1;  989.65;   10.7;   79.58;   15.2;    5.8;    4.3;eor
       4928;20221111;    3;   6.7;   2.6;    3;   0.0;   0;    6.667;   0;   7.3;   9.1;  994.93;    7.6;   87.17;   13.5;    3.3;    2.2;eor
       4928;20221112;    3;   5.2;   2.2;    3;   0.0;   4;    5.000;   0;   7.0;   8.7;  993.43;    6.4;   90.75;   11.9;    2.7;    0.5;eor
       4928;20221113;    3;   4.7;   1.5;    3;   0.0;   0;    5.050;   0;   3.8;   7.5;  984.30;    4.1;   91.29;    9.7;    0.0;    0.5;eor
       4928;20221114;    3;   9.2;   3.3;    3;   3.8;   6;    2.517;   0;   5.2;   8.6;  977.82;    6.9;   85.79;   12.6;    0.6;   -0.4;eor
       4928;20221115;    3;   6.9;   3.3;    3;   2.1;   6;    2.633;   0;   7.7;   9.8;  972.68;   10.6;   76.38;   13.2;    6.9;    6.0;eor
       4928;20221116;    3;   6.3;   2.4;    3;   0.5;   6;    2.600;   0;   6.8;  10.1;  965.98;   10.3;   81.21;   13.8;    6.9;    5.5;eor
       4928;20221117;    3;  13.0;   3.4;    3;  17.3;   6;    4.000;   0;   7.1;   9.5;  960.33;   10.4;   76.54;   14.0;    7.5;    6.1;eor
       4928;20221118;    3;  10.5;   2.8;    3;   5.1;   6;    1.267;   0;   7.3;   9.1;  966.40;    7.6;   87.29;    9.4;    6.1;    5.1;eor
       4928;20221119;    3;   7.5;   1.8;    3;   0.7;   6;    0.083;   0;   7.6;   8.5;  972.36;    6.2;   89.83;    8.1;    3.6;    3.8;eor
       4928;20221120;    3;  11.8;   2.9;    3;   2.8;   6;    2.167;   0;   7.0;   7.4;  973.58;    5.9;   80.04;    8.8;    3.6;    2.5;eor
       4928;20221121;    3;   9.0;   2.5;    3;   1.2;   6;    4.383;   0;   6.8;   7.1;  966.75;    6.0;   76.21;    9.3;    4.0;    1.2;eor
       4928;20221122;    3;   8.8;   2.5;    3;   0.0;   0;    1.233;   0;   7.3;   7.6;  962.86;    6.5;   78.00;    8.1;    4.9;    3.0;eor
       4928;20221123;    3;  11.1;   3.6;    3;   2.5;   6;    7.750;   0;   4.2;   7.2;  966.78;    6.4;   75.63;    9.4;    3.4;    1.2;eor
       4928;20221124;    3;   8.4;   3.2;    3;   0.8;   6;    2.133;   0;   4.8;   8.0;  976.55;    7.1;   79.42;   10.3;    2.9;    1.3;eor
       4928;20221125;    3;   6.4;   2.8;    3;   1.6;   6;    0.533;   0;   7.5;   7.8;  981.79;    5.5;   86.00;    8.8;    1.7;    0.7;eor
       4928;20221126;    3;   5.0;   1.3;    3;   0.0;   0;    4.000;   0;   6.1;   8.3;  992.23;    5.7;   90.50;    9.2;    1.7;   -0.4;eor
       4928;20221127;    3;   7.3;   2.9;    3;   0.0;   0;    5.217;   0;   7.1;   6.4;  985.82;    3.1;   84.21;    7.7;   -1.3;   -1.8;eor
       4928;20221128;    3;   6.3;   2.0;    3;   3.2;   6;    0.000;   0;   8.0;   7.6;  976.31;    5.4;   84.25;    7.0;    3.7;    2.8;eor
       4928;20221129;    3;   5.1;   1.8;    3;   1.6;   6;    0.000;   0;   7.8;   9.3;  979.18;    6.4;   96.33;    6.9;    5.3;    5.1;eor
       4928;20221130;    3;   7.7;   1.5;    3;   0.0;   6;    0.000;   0;   8.0;   8.1;  983.30;    5.1;   91.29;    6.2;    2.8;    2.7;eor
       4928;20221201;    3;   5.3;   2.3;    3;   0.1;   6;    0.000;   0;   8.0;   6.4;  984.60;    2.9;   84.92;    3.8;    2.0;    1.9;eor
       4928;20221202;    3;   4.6;   2.0;    3;   1.6;   6;    0.000;   0;   7.8;   7.1;  980.90;    2.7;   95.25;    3.3;    1.6;    0.3;eor
       4928;20221203;    3;   7.3;   2.5;    3;   0.0;   0;    0.000;   0;   8.0;   6.2;  978.88;    1.7;   89.88;    2.6;    0.9;    0.2;eor
       4928;20221204;    3;   5.6;   1.7;    3;   0.0;   6;    0.000;   0;   8.0;   6.3;  975.55;    1.7;   90.63;    2.4;    1.1;    1.1;eor
       4928;20221205;    3;   6.1;   1.4;    3;   0.0;   6;    0.100;   0;   7.8;   7.0;  980.39;    3.6;   89.21;    5.7;    2.0;    1.0;eor
       4928;20221206;    3;   6.5;   1.8;    3;   0.0;   6;    0.000;   0;   7.9;   7.0;  980.45;    3.1;   91.17;    3.7;    2.7;    1.2;eor
       4928;20221207;    3;   6.6;   2.2;    3;   0.0;   4;    0.083;   0;   7.7;   6.1;  978.63;    2.8;   81.92;    4.2;    1.2;   -2.0;eor
       4928;20221208;    3;   5.1;   1.7;    3;   0.0;   6;    3.417;   0;   4.4;   5.3;  972.45;    0.9;   81.04;    3.2;   -1.7;   -5.6;eor
       4928;20221209;    3;   2.9;   1.1;    3;   0.1;   8;    0.000;   0;   6.5;   5.1;  966.63;   -1.0;   90.08;    0.8;   -3.8;   -6.9;eor
       4928;20221210;    3;   7.8;   2.5;    3;   0.1;   8;    0.000;   0;   7.4;   5.3;  970.13;   -0.1;   87.04;    1.3;   -2.7;   -5.8;eor
       4928;20221211;    3;   4.6;   1.1;    3;   0.3;   8;    0.500;   0;   7.0;   4.6;  972.57;   -1.9;   86.92;   -0.5;   -3.2;   -7.1;eor
       4928;20221212;    3;   4.6;   1.6;    3;   0.0;   0;    3.567;   0;   3.4;   4.0;  973.90;   -2.8;   80.29;    0.3;   -6.0;   -9.5;eor
       4928;20221213;    3;   7.2;   2.7;    3;   0.0;   8;    5.467;   0;   5.5;   3.3;  970.72;   -4.6;   77.33;   -2.0;   -7.4;   -9.7;eor
       4928;20221214;    3;   6.0;   2.3;    3;   6.0;   8;    0.000;   0;   7.7;   4.5;  964.07;   -2.4;   87.42;   -1.1;   -3.1;   -3.1;eor
       4928;20221215;    3;   5.3;   1.5;    3;   1.1;   8;    0.000;   5;   7.9;   4.8;  968.01;   -1.7;   88.58;   -0.3;   -2.9;   -3.0;eor
       4928;20221216;    3;   5.9;   3.1;    3;   0.0;   7;    0.000;   6;   7.4;   4.1;  973.74;   -3.0;   82.75;   -2.1;   -4.8;   -7.9;eor
       4928;20221217;    3;   5.0;   2.0;    3;   0.0;   0;    1.883;   6;   3.8;   3.4;  987.20;   -6.5;   91.17;   -4.6;   -9.0;  -12.7;eor
       4928;20221218;    3;   7.2;   2.9;    3;   0.0;   6;    6.083;   5;   5.2;   3.2;  990.58;   -6.4;   83.63;   -2.7;  -11.0;  -12.9;eor
       4928;20221219;    3;   7.3;   3.8;    3;   0.0;   6;    0.967;   5;   7.9;   5.8;  986.61;    1.8;   81.88;    4.9;   -2.7;   -2.9;eor
       4928;20221220;    3;   8.1;   4.4;    3;   2.9;   6;    0.000;   0;   8.0;   7.2;  981.05;    5.7;   78.83;    8.2;    3.0;    2.0;eor
       4928;20221221;    3;   7.7;   3.1;    3;   1.9;   6;    2.717;   0;   7.3;   9.9;  977.07;    9.3;   84.38;   13.3;    6.1;    5.4;eor
       4928;20221222;    3;  13.1;   4.2;    3;   2.2;   6;    0.667;   0;   7.5;   9.8;  972.75;   10.3;   78.38;   11.9;    8.7;    7.6;eor
       4928;20221223;    3;  14.8;   3.4;    3;   4.2;   6;    0.000;   0;   7.7;  11.9;  970.88;   11.6;   87.50;   13.4;    9.2;    8.1;eor
       4928;20221224;    3;  11.6;   2.3;    3;   0.7;   6;    1.417;   0;   7.8;   9.8;  978.81;    9.9;   80.17;   11.9;    8.1;    6.9;eor
       4928;20221225;    3;  10.4;   3.3;    3;   0.0;   0;    4.800;   0;   7.4;  10.2;  978.83;   10.8;   79.13;   14.5;    7.5;    7.1;eor
       4928;20221226;    3;  16.2;   3.9;    3;   9.2;   6;    0.000;   0;   7.7;   9.6;  981.30;    9.8;   78.88;   11.6;    6.4;    5.3;eor
       4928;20221227;    3;  13.2;   3.1;    3;   0.0;   0;    5.950;   0;   3.8;   6.3;  990.11;    4.4;   75.17;    7.7;    1.5;   -0.8;eor
       4928;20221228;    3;   9.6;   3.7;    3;   0.0;   0;    0.983;   0;   7.9;   6.8;  981.46;    6.2;   72.50;   10.0;    1.6;    0.9;eor
       4928;20221229;    3;  13.6;   4.0;    3;   6.3;   6;    0.750;   0;   7.8;   8.6;  975.05;   10.4;   68.96;   13.7;    7.0;    6.1;eor
       4928;20221230;    3;  12.8;   3.8;    3;   0.3;   6;    4.483;   0;   5.4;   8.9;  977.04;    8.0;   82.21;   12.8;    3.8;    0.7;eor
       4928;20221231;    3;  11.9;   4.7;    3;   0.0;   0;    3.933;   0;   7.4;  11.4;  979.88;   15.7;   64.38;   19.1;   11.4;    9.3;eor
       4928;20230101;    3;  10.5;   3.3;    3;   0.0;   0;    6.483;   0;   6.9;   9.8;  982.92;   13.8;   62.46;   17.0;   10.8;    6.5;eor
       4928;20230102;    3;  13.4;   3.2;    3;   0.0;   6;    2.567;   0;   8.0;   8.7;  983.66;   12.6;   60.17;   17.7;    8.3;    6.8;eor
       4928;20230103;    3;   6.3;   1.8;    3;   0.0;   0;    3.400;   0;   5.5;   7.9;  992.06;    7.0;   79.04;   10.5;    3.2;    0.6;eor
       4928;20230104;    3;  13.8;   4.4;    3;   0.7;   6;    0.000;   0;   7.0;   8.0;  987.81;    7.2;   78.83;   10.7;    2.1;    0.1;eor
       4928;20230105;    3;  18.8;   4.3;    3;   0.1;   6;    0.000;   0;   7.7;   9.6;  985.48;   10.5;   75.71;   11.1;    9.4;    5.4;eor
       4928;20230106;    3;   9.4;   2.1;    3;   0.5;   6;    0.267;   0;   7.9;   9.6;  985.06;    9.6;   80.96;   11.1;    8.0;    6.2;eor
       4928;20230107;    3;   8.5;   3.0;    3;   0.0;   6;    4.750;   0;   7.2;   8.1;  979.23;    8.4;   73.38;   10.8;    4.8;    1.8;eor
       4928;20230108;    3;  10.5;   3.6;    3;   3.0;   6;    0.317;   0;   7.9;   8.3;  969.56;    7.8;   77.92;   10.4;    4.5;    2.9;eor
       4928;20230109;    3;  12.0;   3.6;    3;   1.8;   6;    2.617;   0;   6.7;   7.6;  967.79;    6.3;   79.17;    8.9;    4.2;    3.0;eor
       4928;20230110;    3;  12.2;   3.6;    3;   0.1;   6;    1.217;   0;   7.5;   6.5;  982.79;    5.1;   74.00;    7.0;    4.0;    2.5;eor
       4928;20230111;    3;  10.2;   3.5;    3;   1.6;   6;    0.000;   0;   7.1;   8.6;  979.85;    8.3;   77.79;   10.7;    5.0;    2.1;eor
       4928;20230112;    3;  12.0;   4.7;    3;   0.0;   6;    0.217;   0;   7.7;   7.8;  980.12;    8.6;   69.63;   10.0;    6.3;    3.6;eor
       4928;20230113;    3;  15.3;   4.8;    3;   1.6;   6;    2.050;   0;   6.5;   7.9;  977.66;    8.3;   71.75;   10.5;    4.2;    2.5;eor
       4928;20230114;    3;  15.7;   4.0;    3;   1.6;   6;    0.000;   0;   7.5;   7.7;  977.46;    7.5;   73.75;   11.3;    3.9;    2.2;eor
       4928;20230115;    3;  15.2;   4.9;    3;   1.8;   6;    1.683;   0;   5.1;   7.5;  969.65;    6.2;   77.08;   12.4;    2.5;    0.1;eor
       4928;20230116;    3;  17.0;   5.2;    3;   1.3;   8;    1.533;   0;   6.2;   5.6;  955.35;    3.7;   70.83;    7.4;    1.1;   -1.4;eor
       4928;20230117;    3;  10.2;   3.0;    3;   2.5;   8;    3.733;   0;   6.5;   5.2;  951.00;    1.9;   75.46;    4.9;   -0.3;   -1.4;eor
       4928;20230118;    3;   9.6;   3.4;    3;   0.3;   8;    0.000;   1;   7.8;   5.2;  958.63;   -0.4;   86.88;    0.6;   -2.0;   -3.5;eor
       4928;20230119;    3;   6.8;   2.1;    3;   0.1;   7;    0.783;   0;   5.9;   4.5;  970.71;   -1.0;   80.08;    1.2;   -3.1;   -5.1;eor
       4928;20230120;    3;   5.6;   1.6;    3;   0.0;   0;    3.050;   0;   6.3;   4.7;  978.16;   -0.3;   79.58;    2.5;   -2.2;   -4.4;eor
       4928;20230121;    3;   9.5;   3.1;    3;   0.7;   8;    0.000;   0;   7.2;   4.4;  985.93;   -2.6;   86.33;   -1.3;   -5.2;   -8.2;eor
       4928;20230122;    3;   6.5;   2.2;    3;   0.3;   8;    0.000;   2;   7.8;   5.3;  988.18;   -0.6;   91.33;    0.6;   -2.0;   -2.2;eor
       4928;20230123;    3;   7.5;   2.6;    3;   0.0;   0;    0.150;   1;   7.9;   5.5;  992.32;    0.8;   84.63;    2.2;   -0.7;   -2.0;eor
       4928;20230124;    3;   6.5;   2.7;    3;   0.0;   0;    0.000;   0;   8.0;   6.1;  995.23;    2.0;   85.96;    2.7;    1.4;    1.3;eor
       4928;20230125;    3;   5.2;   1.9;    3;   0.0;   6;    0.000;   0;   7.9;   5.9;  991.32;    1.2;   88.46;    1.6;   -0.1;    0.0;eor
       4928;20230126;    3;   5.8;   2.2;    3;   0.0;   8;    0.000;   0;   8.0;   5.1;  982.98;   -1.2;   91.13;   -0.1;   -2.3;   -2.0;eor
       4928;20230127;    3;   5.2;   1.9;    3;   0.0;   8;    0.000;   0;   7.9;   4.7;  983.26;   -1.2;   83.13;    0.2;   -2.2;   -2.2;eor
       4928;20230128;    3;   6.0;   2.3;    3;   0.0;   8;    0.000;   0;   7.9;   5.2;  987.75;    0.4;   82.00;    1.5;   -0.8;   -0.9;eor
       4928;20230129;    3;   4.3;   1.8;    3;   0.0;   0;    2.550;   0;   6.7;   4.4;  989.30;   -0.6;   75.88;    1.8;   -2.2;   -5.9;eor
       4928;20230130;    3;  15.2;   4.1;    3;   0.5;   8;    0.517;   0;   7.3;   5.4;  984.83;    1.4;   78.54;    4.0;   -3.4;   -6.0;eor
       4928;20230131;    3;  10.1;   3.5;    3;   0.0;   6;    1.483;   0;   6.9;   5.7;  987.95;    3.5;   73.13;    5.3;    1.3;   -1.0;eor
       4928;20230201;    3;  14.5;   5.5;    3;   0.0;   6;    0.050;   0;   7.8;   6.3;  985.29;    5.3;   70.08;    6.3;    3.5;    2.7;eor
       4928;20230202;    3;  14.0;   6.1;    3;   0.9;   6;    0.000;   0;   7.7;   7.1;  988.17;    6.2;   75.00;    6.9;    5.7;    4.6;eor
       4928;20230203;    3;  15.8;   5.1;    3;   1.3;   6;    0.150;   0;   7.7;   7.8;  990.93;    6.5;   80.42;    7.8;    5.0;    4.0;eor
       4928;20230204;    3;  14.8;   3.4;    3;   0.0;   0;    2.550;   0;   6.8;   7.2;  996.23;    5.3;   80.71;    7.6;    1.1;   -2.0;eor
       4928;20230205;    3;   8.3;   2.5;    3;   7.0;   6;    0.000;   0;   7.5;   6.5;  997.10;    1.9;   92.46;    3.7;    0.7;   -0.9;eor
       4928;20230206;    3;   7.8;   1.9;    3;   0.0;   8;    0.000;   0;   7.8;   5.5;  998.74;    1.1;   83.08;    2.3;   -0.4;   -1.6;eor
       4928;20230207;    3;   9.6;   3.0;    3;   0.0;   0;    9.017;   0;   0.4;   3.7;  998.90;   -1.0;   66.79;    3.7;   -4.2;   -6.7;eor
       4928;20230208;    3;   8.7;   2.6;    3;   0.0;   0;    9.000;   0;   0.0;   3.3;  997.14;   -1.4;   60.92;    4.7;   -5.1;   -9.9;eor
       4928;20230209;    3;   4.9;   1.7;    3;   0.0;   0;    8.917;   0;   2.1;   3.7;  995.17;   -1.6;   69.21;    3.8;   -6.2;   -9.6;eor
       4928;20230210;    3;   5.8;   2.4;    3;   0.0;   0;    8.583;   0;   2.7;   4.0;  999.62;    0.0;   67.00;    5.2;   -4.7;   -6.3;eor
       4928;20230211;    3;   7.9;   2.8;    3;   0.0;   0;    6.683;   0;   6.7;   5.3;  998.28;    3.1;   69.04;    8.2;   -2.2;   -3.6;eor
       4928;20230212;    3;   7.9;   2.3;    3;   0.0;   0;    3.183;   0;   4.9;   7.0;  999.11;    5.4;   77.88;    9.5;    1.7;   -2.0;eor
       4928;20230213;    3;   6.5;   2.7;    3;   0.0;   0;    9.117;   0;   0.0;   6.0;  998.60;    2.8;   81.92;    9.4;   -1.8;   -5.0;eor
       4928;20230214;    3;   5.3;   2.1;    3;   0.0;   0;    9.117;   0;   0.0;   5.8;  996.01;    2.2;   82.38;    9.0;   -2.6;   -6.1;eor
       4928;20230215;    3;   4.4;   1.3;    3;   0.0;   0;    5.983;   0;   4.5;   5.7;  991.01;    1.7;   83.75;    8.9;   -3.7;   -5.4;eor
       4928;20230216;    3;   7.5;   2.7;    3;   0.1;   6;    6.750;   0;   6.3;   6.1;  989.12;    7.4;   61.46;   13.9;   -0.6;   -3.0;eor
       4928;20230217;    3;  14.0;   4.2;    3;   0.0;   6;    2.117;   0;   7.7;   9.0;  987.76;   11.4;   66.08;   14.5;    9.0;    7.3;eor
       4928;20230218;    3;  15.2;   4.4;    3;   1.0;   6;    1.000;   0;   7.5;   9.4;  986.43;   11.8;   68.33;   14.3;    8.2;    7.8;eor
       4928;20230219;    3;  13.1;   4.2;    3;   0.1;   6;    0.167;   0;   7.9;   8.6;  987.16;    8.9;   75.50;   10.4;    7.9;    7.0;eor
       4928;20230220;    3;   8.7;   2.5;    3;   0.0;   0;    9.533;   0;   2.3;   6.9;  988.05;    9.5;   59.21;   15.8;    5.6;    0.9;eor
       4928;20230221;    3;   5.1;   2.3;    3;   0.0;   0;    9.233;   0;   3.5;   6.8;  981.93;    8.8;   61.33;   16.1;    1.8;   -1.4;eor
       4928;20230222;    3;   5.9;   2.4;    3;   0.4;   6;    6.433;   0;   8.0;   7.7;  976.72;    8.5;   69.79;   13.7;    3.2;    2.0;eor
       4928;20230223;    3;   4.6;   1.8;    3;   0.4;   6;    0.383;   0;   7.9;   9.6;  976.14;    9.3;   82.46;   12.8;    6.5;    6.1;eor
       4928;20230224;    3;  11.2;   3.4;    3;   1.2;   6;    0.033;   0;   7.8;   9.0;  970.16;    7.7;   85.38;   10.0;    3.7;    3.2;eor
       4928;20230225;    3;  11.6;   4.7;    3;   2.0;   8;    1.900;   0;   7.6;   5.3;  970.30;    3.0;   70.54;    5.6;   -0.6;   -2.5;eor
       4928;20230226;    3;  13.5;   4.1;    3;   0.0;   7;    1.350;   2;   4.8;   3.9;  978.87;   -1.1;   69.25;    1.6;   -4.0;   -7.8;eor
       4928;20230227;    3;  12.2;   4.3;    3;   0.0;   0;    5.400;   0;   3.0;   3.5;  985.19;   -0.7;   61.21;    3.6;   -3.4;   -5.2;eor
       4928;20230228;    3;  10.8;   3.1;    3;   0.0;   7;    5.633;   0;   6.1;   3.9;  986.73;    0.2;   63.67;    5.4;   -2.9;   -5.4;eor
       4928;20230301;    3;   9.3;   2.7;    3;   0.0;   0;    9.683;   0;   2.1;   4.5;  983.55;    2.2;   63.13;    7.3;   -2.4;   -5.8;eor
       4928;20230302;    3;   6.8;   2.3;    3;   0.0;   0;    8.000;   0;   2.7;   5.4;  980.17;    3.8;   67.67;    9.6;   -1.4;   -3.6;eor
       4928;20230303;    3;   5.4;   2.3;    3;   0.0;   0;    6.700;   0;   4.1;   5.4;  982.78;    4.0;   67.38;    9.1;    0.6;   -2.6;eor
       4928;20230304;    3;   7.7;   2.8;    3;   0.0;   6;    0.000;   0;   7.2;   5.0;  984.68;    0.9;   76.38;    2.7;   -1.9;   -3.9;eor
       4928;20230305;    3;   5.9;   2.0;    3;   0.0;   8;    0.000;   0;   8.0;   5.5;  978.10;    3.0;   72.71;    4.1;    2.3;    1.4;eor
       4928;20230306;    3;   9.0;   2.8;    3;   0.0;   8;    0.000;   0;   8.0;   4.9;  969.67;    3.2;   64.83;    5.2;    1.7;   -0.2;eor
       4928;20230307;    3;  12.3;   3.8;    3;   0.0;   0;    1.617;   0;   7.9;   4.6;  965.42;    4.2;   55.50;    6.8;    2.3;    0.7;eor
       4928;20230308;    3;  16.9;   3.8;    3;   7.8;   6;    0.467;   0;   7.5;   7.4;  960.15;    7.6;   67.04;   12.9;    2.6;    0.5;eor
       4928;20230309;    3;  16.9;   5.0;    3;   0.2;   6;    5.133;   0;   7.6;   8.6;  962.15;   11.1;   64.92;   13.7;    8.9;    6.9;eor
       4928;20230310;    3;  21.6;   5.9;    3;   3.9;   8;    0.717;   0;   7.3;   7.9;  959.49;    8.1;   72.21;   11.2;    2.8;    2.1;eor
       4928;20230311;    3;  13.9;   3.7;    3;   0.0;   6;    6.167;   0;   6.1;   4.1;  972.38;    1.9;   59.54;    5.7;   -0.8;   -5.5;eor
       4928;20230312;    3;  11.1;   3.3;    3;   0.3;   8;    0.983;   0;   7.8;   6.7;  975.82;    5.3;   73.17;   11.8;   -1.8;   -4.9;eor
       4928;20230313;    3;  22.3;   4.7;    3;  12.4;   6;    5.133;   0;   7.5;  10.1;  968.18;   13.4;   66.96;   21.2;    7.6;    6.6;eor
       4928;20230314;    3;  23.3;   5.7;    3;   0.7;   8;    5.100;   0;   7.4;   7.7;  965.04;    8.7;   68.38;   13.0;    1.0;    0.8;eor
       4928;20230315;    3;  10.8;   3.3;    3;   0.7;   6;    3.883;   0;   4.9;   5.6;  980.65;    2.5;   77.50;    6.2;   -0.4;   -2.5;eor
       4928;20230316;    3;   8.3;   3.1;    3;   0.0;   0;    9.300;   0;   7.9;   5.9;  980.60;    5.1;   69.71;   11.8;   -1.7;   -4.4;eor
       4928;20230317;    3;   6.0;   2.3;    3;   0.0;   0;    6.833;   0;   7.9;   6.8;  974.59;   11.3;   53.00;   19.0;    3.7;    1.2;eor
       4928;20230318;    3;   8.8;   2.6;    3;   0.7;   6;    8.150;   0;   6.6;   7.3;  975.68;   13.5;   47.83;   19.4;    8.2;    4.4;eor
       4928;20230319;    3;   9.1;   2.4;    3;   5.3;   6;    3.400;   0;   7.8;   9.7;  978.83;   10.9;   75.83;   16.7;    8.6;    7.0;eor
       4928;20230320;    3;   7.6;   2.1;    3;   0.0;   6;    0.333;   0;   8.0;   8.9;  982.71;   10.1;   72.58;   12.6;    8.1;    7.3;eor
       4928;20230321;    3;   5.0;   1.6;    3;   0.0;   6;    4.200;   0;   7.9;   8.5;  979.52;   11.4;   64.29;   15.1;    7.8;    5.0;eor
       4928;20230322;    3;   9.9;   2.7;    3;   0.0;   6;   10.033;   0;   6.9;   8.3;  975.62;   13.6;   55.21;   19.4;    7.0;    4.3;eor
       4928;20230323;    3;  12.0;   3.5;    3;   0.1;   6;    0.050;   0;   8.0;   9.1;  973.24;   14.9;   53.33;   17.1;   12.3;   10.7;eor
       4928;20230324;    3;  13.9;   4.0;    3;   5.4;   6;    1.350;   0;   6.6;  10.4;  971.08;   12.7;   70.83;   16.2;    8.4;    7.1;eor
       4928;20230325;    3;  16.5;   4.8;    3;   1.2;   6;    7.467;   0;   6.3;   7.8;  974.12;    9.2;   68.00;   12.3;    5.6;    4.4;eor
       4928;20230326;    3;  16.7;   3.9;    3;   5.0;   6;    1.633;   0;   7.5;   7.9;  968.92;    7.9;   74.75;   13.2;    5.4;    4.5;eor
       4928;20230327;    3;  16.5;   5.6;    3;   0.3;   8;    5.717;   0;   5.6;   5.8;  980.14;    3.5;   74.33;    7.0;    1.1;   -1.0;eor
       4928;20230328;    3;  10.9;   2.6;    3;   0.2;   6;   10.383;   0;   4.6;   4.8;  987.60;    4.8;   57.29;    9.4;   -0.1;   -2.6;eor
       4928;20230329;    3;  10.7;   2.7;    3;   0.4;   6;    1.667;   0;   7.8;   7.9;  980.32;   10.9;   61.33;   17.0;    4.7;    2.8;eor
       4928;20230330;    3;  17.3;   4.2;    3;   4.0;   6;    3.783;   0;   6.5;  10.5;  975.64;   13.6;   67.71;   16.5;   11.1;    8.9;eor
       4928;20230331;    3;  22.0;   4.8;    3;   6.1;   6;    5.650;   0;   7.2;   9.0;  967.39;   10.9;   69.58;   15.2;    8.3;    6.9;eor
       4928;20230401;    3;  14.1;   4.6;    3;   0.4;   6;    0.100;   0;   7.7;   8.4;  967.32;    9.0;   73.29;   10.8;    7.2;    5.8;eor
       4928;20230402;    1;   9.3;   2.7;    1;   0.1;   6;    0.000;   0;   7.9;   8.1;  978.65;    7.5;   77.08;   11.2;    3.0;    2.3;eor
       4928;20230403;    1;   8.8;   3.4;    1;   0.0;   0;    1.650;   0;   6.4;   4.7;  987.58;    3.8;   59.29;    6.6;    0.1;   -2.0;eor
       4928;20230404;    1;   9.0;   2.9;    1;   0.0;   0;   12.083;   0;   2.3;   3.9;  986.46;    2.6;   54.50;    7.6;   -2.2;   -4.9;eor
       4928;20230405;    1;   6.6;   1.5;    1;   0.0;   0;   12.333;   0;   2.3;   4.0;  983.15;    4.0;   51.83;    9.6;   -2.0;   -6.1;eor
       4928;20230406;    1;   8.1;   2.4;    1;   1.5;   6;    9.767;   0;   4.3;   4.9;  981.15;    6.7;   52.71;   12.8;   -0.8;   -4.4;eor
       4928;20230407;    1;   7.6;   2.6;    1;   0.0;   6;    2.717;   0;   7.3;   8.3;  979.20;    8.2;   76.42;   12.2;    5.4;    4.7;eor
       4928;20230408;    1;   7.2;   2.8;    1;   0.0;   0;    1.117;   0;   7.8;   7.8;  984.23;    7.9;   74.21;   10.5;    5.7;    1.7;eor
       4928;20230409;    1;  10.5;   3.3;    1;   0.0;   0;    8.283;   0;   3.6;   6.8;  986.10;    8.9;   61.67;   14.5;    4.8;    0.3;eor
       4928;20230410;    1;  10.3;   3.2;    1;   2.6;   6;   10.167;   0;   7.2;   6.3;  982.07;   11.6;   49.38;   17.5;    2.7;   -1.9;eor
       4928;20230411;    1;  13.7;   4.7;    1;   4.7;   6;    6.200;   0;   7.6;   7.5;  977.56;   10.6;   59.42;   14.6;    7.4;    6.4;eor
       4928;20230412;    1;  20.5;   4.0;    1;   4.0;   6;    0.917;   0;   7.6;   9.3;  968.23;    9.4;   79.38;   15.8;    6.4;    5.2;eor
       4928;20230413;    1;   8.6;   3.3;    1;   7.5;   6;    1.133;   0;   6.8;   7.7;  970.10;    6.8;   77.79;    9.6;    5.1;    3.0;eor
       4928;20230414;    1;   7.4;   1.8;    1;   0.0;   0;   11.183;   0;   2.5;   6.7;  971.09;    8.6;   63.08;   13.9;    3.1;    0.2;eor
       4928;20230415;    1;  15.4;   3.5;    1;  11.6;   6;    5.050;   0;   7.0;   7.5;  972.57;    7.4;   74.58;   13.1;    2.3;    0.0;eor
       4928;20230416;    1;   9.9;   4.9;    1;   2.8;   6;    0.000;   0;   7.8;   9.8;  981.57;    7.5;   94.42;    8.2;    6.6;    6.6;eor
       4928;20230417;    1;   8.0;   2.8;    1;   0.1;   6;    0.567;   0;   7.7;   9.3;  984.00;    8.8;   82.71;   12.0;    7.3;    6.3;eor
       4928;20230418;    1;  10.2;   3.1;    1;   0.0;   0;    0.100;   0;   8.0;   8.9;  983.83;    9.7;   74.08;   13.7;    6.1;    5.9;eor
       4928;20230419;    1;   6.8;   2.2;    1;   0.1;   6;    1.433;   0;   6.5;   8.2;  982.46;    8.7;   72.04;   11.8;    4.1;   -1.2;eor
       4928;20230420;    1;   9.3;   2.1;    1;   1.3;   6;    3.033;   0;   5.0;   7.2;  976.55;    5.1;   81.04;    7.5;    0.5;   -3.0;eor
       4928;20230421;    1;  10.0;   2.1;    1;   0.2;   6;    9.900;   0;   5.8;   9.0;  974.34;   10.8;   72.21;   19.1;    2.1;    0.3;eor
       4928;20230422;    1;  10.0;   2.8;    1;   0.5;   6;    4.467;   0;   7.8;  10.2;  973.03;   15.6;   60.13;   22.9;    9.7;    7.5;eor
       4928;20230423;    1;  16.3;   2.6;    1;   1.6;   6;    5.217;   0;   7.3;  10.6;  971.54;   14.0;   68.08;   20.3;   10.6;    9.3;eor
       4928;20230424;    1;  15.4;   4.0;    1;   0.4;   6;    4.833;   0;   7.0;   8.4;  972.35;   10.5;   66.00;   12.5;    7.9;    4.6;eor
       4928;20230425;    1;   9.5;   2.6;    1;  15.1;   6;    0.967;   0;   7.8;   8.2;  975.75;    7.3;   80.38;    9.9;    5.4;    5.0;eor
       4928;20230426;    1;   5.9;   1.8;    1;   0.0;   0;    8.117;   0;   6.8;   6.7;  980.05;    8.5;   62.29;   13.4;    3.7;    0.8;eor
       4928;20230427;    1;   5.9;   1.5;    1;   0.4;   6;    8.250;   0;   7.9;   7.9;  980.16;   11.8;   59.08;   17.2;    6.0;    4.2;eor
       4928;20230428;    1;  11.0;   2.2;    1;   9.7;   6;    0.550;   0;   7.8;  13.1;  976.32;   12.9;   86.63;   16.6;    9.8;    9.3;eor
       4928;20230429;    1;  10.4;   3.4;    1;   0.0;   0;    5.017;   0;   7.3;  11.6;  979.32;   12.8;   78.42;   15.4;   10.1;    6.9;eor
       4928;20230430;    1;  10.3;   3.0;    1;   0.0;   6;    3.967;   0;   7.9;   9.2;  981.58;   12.9;   62.88;   16.8;    9.4;    6.3;eor
       4928;20230501;    1;   7.3;   1.6;    1;   2.6;   6;    1.500;   0;   7.9;  10.3;  978.14;   11.4;   76.46;   15.7;    8.4;    6.2;eor
       4928;20230502;    1;   9.1;   2.9;    1;   0.0;   6;    7.050;   0;   5.4;   9.9;  984.28;   12.3;   70.58;   17.3;    8.3;    5.0;eor
       4928;20230503;    1;   6.5;   2.2;    1;   0.0;   0;   12.400;   0;   4.7;   9.1;  986.46;   12.6;   64.67;   18.9;    6.0;    3.9;eor
       4928;20230504;    1;   8.8;   3.1;    1;   0.0;   0;   13.383;   0;   6.8;   9.4;  981.77;   15.9;   54.50;   22.8;    7.5;    3.1;eor
       4928;20230505;    1;   9.4;   2.0;    1;   1.8;   6;    2.167;   0;   7.8;  13.1;  980.29;   16.4;   70.71;   21.5;   12.7;   11.3;eor
       4928;20230506;    1;   5.0;   1.7;    1;   0.0;   0;   10.167;   0;   7.9;  12.1;  979.89;   16.5;   65.75;   20.7;   12.4;    9.9;eor
       4928;20230507;    1;  12.3;   1.7;    1;   4.5;   6;    5.050;   0;   7.5;  13.7;  979.57;   15.5;   78.79;   23.0;   11.2;    7.9;eor
       4928;20230508;    1;   5.4;   1.3;    1;  15.0;   6;    0.700;   0;   7.8;  15.3;  983.25;   14.8;   90.50;   19.1;   13.2;   11.7;eor
       4928;20230509;    1;   7.7;   2.8;    1;   9.1;   6;    6.050;   0;   7.6;  14.0;  977.04;   16.0;   78.33;   21.1;   12.3;   11.7;eor
       4928;20230510;    1;  11.9;   2.9;    1;   0.0;   6;    0.683;   0;   7.9;  11.5;  975.96;   13.6;   74.46;   15.5;   11.2;    9.4;eor
       4928;20230511;    1;   5.6;   1.9;    1;   0.7;   6;    0.117;   0;   8.0;  10.8;  977.19;   11.6;   79.42;   14.0;   10.1;    9.6;eor
       4928;20230512;    1;   7.6;   1.9;    1;   0.3;   6;    0.300;   0;   7.9;  11.7;  977.58;   11.9;   84.25;   14.7;    9.3;    8.8;eor
       4928;20230513;    1;   6.6;   1.9;    1;   0.8;   6;    0.167;   0;   7.8;  10.9;  980.40;   11.6;   79.79;   14.9;    8.6;    7.1;eor
       4928;20230514;    1;   8.0;   2.3;    1;   0.0;   6;    4.367;   0;   5.5;  11.2;  977.59;   13.0;   75.67;   18.2;    9.2;    7.2;eor
       4928;20230515;    1;  10.4;   3.1;    1;   0.2;   6;    8.017;   0;   6.3;  11.0;  975.32;   13.8;   70.92;   19.7;    9.7;    8.4;eor
       4928;20230516;    1;   9.7;   3.8;    1;   0.2;   6;    0.083;   0;   7.8;  10.1;  978.88;   11.1;   76.50;   12.7;    7.5;    5.1;eor
       4928;20230517;    1;   7.8;   2.6;    1;   0.0;   0;    6.533;   0;   7.5;   7.6;  985.76;    9.3;   65.17;   12.8;    5.1;    2.4;eor
       4928;20230518;    1;   8.9;   2.5;    1;   0.0;   0;    9.217;   0;   6.4;   7.7;  985.08;   11.6;   59.25;   17.5;    3.9;    0.7;eor
       4928;20230519;    1;   6.6;   2.3;    1;   0.0;   0;    3.200;   0;   8.0;   9.3;  983.36;   12.4;   64.21;   15.8;    8.7;    6.9;eor
       4928;20230520;    1;  10.0;   2.6;    1;   0.0;   0;    6.450;   0;   7.1;  12.4;  978.33;   16.8;   65.67;   22.9;   10.5;    8.5;eor
       4928;20230521;    1;   6.2;   2.2;    1;   0.0;   0;    7.967;   0;   7.3;  13.8;  975.35;   18.7;   65.92;   24.8;   13.2;   12.2;eor
       4928;20230522;    1;  10.7;   2.7;    1;   0.0;   0;   11.367;   0;   5.6;  15.0;  976.10;   19.8;   66.88;   26.7;   13.5;   12.0;eor
       4928;20230523;    1;  10.1;   4.8;    1;   0.0;   0;    3.233;   0;   6.9;  13.9;  980.19;   16.4;   74.17;   19.3;   12.3;   11.8;eor
       4928;20230524;    1;   7.1;   2.5;    1;   0.0;   6;    4.183;   0;   6.4;   8.5;  983.10;   11.9;   61.42;   16.2;    9.7;    6.4;eor
       4928;20230525;    1;   8.5;   2.6;    1;   0.0;   0;   10.467;   0;   3.7;  10.1;  984.64;   15.2;   58.83;   21.8;    7.4;    4.5;eor
       4928;20230526;    1;   8.5;   2.8;    1;   0.0;   0;   13.750;   0;   1.8;  10.9;  986.38;   17.3;   55.96;   22.6;   11.5;    9.1;eor
       4928;20230527;    1;   8.5;   2.4;    1;   0.0;   0;   14.367;   0;   0.3;   9.7;  984.35;   17.7;   48.96;   23.3;   11.4;    8.4;eor
       4928;20230528;    1;   8.2;   2.0;    1;   0.0;   0;   14.717;   0;   0.0;   9.7;  980.28;   18.1;   48.54;   24.4;   10.1;    5.7;eor
       4928;20230529;    1;  10.0;   2.8;    1;   0.0;   0;   14.600;   0;   1.9;   9.9;  980.85;   18.9;   47.42;   24.8;   11.5;    9.1;eor
       4928;20230530;    1;   8.7;   3.0;    1;   0.0;   0;   12.933;   0;   3.8;   9.5;  983.00;   18.1;   47.00;   23.2;   12.8;   10.3;eor
       4928;20230531;    1;  11.1;   3.0;    1;   0.0;   0;   14.917;   0;   0.0;   8.4;  982.21;   19.5;   37.96;   25.4;   12.5;    8.0;eor
       4928;20230601;    1;   7.5;   2.2;    1;   0.0;   0;   14.733;   0;   4.8;  10.3;  979.89;   20.2;   45.04;   26.6;   12.3;   10.1;eor
       4928;20230602;    1;   8.6;   3.2;    1;   0.0;   0;   14.983;   0;   2.0;  10.7;  979.28;   17.3;   54.83;   22.9;   12.3;   10.2;eor
       4928;20230603;    1;   7.9;   2.3;    1;   0.0;   0;   14.167;   0;   0.9;  10.6;  979.45;   18.2;   51.88;   25.1;   10.8;    7.6;eor
       4928;20230604;    1;   9.0;   2.2;    1;   0.0;   0;   14.650;   0;   1.8;   9.0;  980.41;   19.1;   42.17;   25.5;   12.2;    9.5;eor
       4928;20230605;    1;  11.0;   2.7;    1;   0.0;   0;   14.383;   0;   1.0;   9.8;  979.75;   19.3;   45.54;   25.9;   12.0;    9.3;eor
       4928;20230606;    1;   9.1;   2.4;    1;   0.0;   0;   13.067;   0;   0.6;  11.7;  980.34;   18.8;   56.42;   24.5;   12.6;    9.8;eor
       4928;20230607;    1;   5.3;   1.7;    1;   0.0;   0;   14.300;   0;   0.7;  12.1;  979.58;   19.0;   57.25;   24.9;   11.7;    8.7;eor
       4928;20230608;    1;  16.0;   2.0;    1;  16.1;   6;    9.933;   0;   3.2;  13.0;  977.23;   18.3;   63.38;   26.9;   12.8;    9.9;eor
       4928;20230609;    1;   9.4;   2.6;    1;   0.0;   0;   13.383;   0;   0.5;  13.0;  975.93;   20.6;   56.96;   27.2;   11.7;    9.7;eor
       4928;20230610;    1;   8.8;   2.5;    1;   0.0;   0;   12.600;   0;   1.6;  13.7;  976.50;   22.1;   52.58;   28.0;   15.3;   11.7;eor
       4928;20230611;    1;  11.1;   3.7;    1;   0.0;   0;   14.983;   0;   0.4;  12.8;  978.29;   22.3;   50.08;   27.8;   16.6;   14.1;eor
       4928;20230612;    1;  10.6;   3.4;    1;   0.0;   0;   14.767;   0;   0.8;  10.7;  977.38;   21.7;   42.83;   26.8;   16.0;   13.0;eor
       4928;20230613;    1;  11.7;   3.2;    1;   0.0;   0;   15.133;   0;   0.0;   8.5;  975.29;   20.0;   37.83;   25.9;   13.3;   10.8;eor
