STATIONS_ID;MESS_DATUM;QN_3;  FX;  FM;QN_4; RSK;RSKF; SDK;SHK_TAG;  NM; VPM;  PM; TMK; UPM; TXK; TNK; TGK;eor
        427;20211211;   10;   6.2;   2.5;    3;   0.0;   0;    0.000;   2;   7.8;   5.5; 1007.69;   -1.2;   98.08;   -0.5;   -1.9;   -1.7;eor
        427;20211212;   10;   6.9;   3.2;    3;   0.6;   6;    0.000;   2;   7.4;   6.1; 1016.78;    0.5;   94.96;    4.5;   -3.4;   -5.8;eor
        427;20211213;   10;   5.0;   2.5;    3;   1.8;   6;    0.000;   0;   7.9;   9.6; 1019.62;    6.5;   99.00;    8.9;    4.5;    4.0;eor
        427;20211214;   10;   6.2;   3.4;    3;   0.8;   6;    0.000;   0;   7.4;   9.5; 1019.99;    7.2;   94.00;    8.0;    6.4;    5.8;eor
        427;20211215;   10;   6.7;   4.0;    3;   0.0;   6;    0.000;   0;   7.7;  10.1; 1022.80;    8.1;   93.58;    9.7;    6.3;    4.4;eor
        427;20211216;   10;   9.8;   4.6;    3;   0.1;   6;    1.217;   0;   5.5;   9.0; 1027.06;    7.0;   90.21;    9.5;    2.5;   -0.6;eor
        427;20211217;   10;  10.1;   4.5;    3;   0.0;   6;    0.000;   0;   7.2;   7.7; 1030.59;    5.4;   84.96;    6.1;    4.7;    4.3;eor
        427;20211218;   10;  13.4;   4.5;    3;   0.3;   6;    0.000;   0;   7.7;   8.6; 1027.18;    5.9;   92.96;    7.7;    4.7;    4.3;eor
        427;20211219;   10;  14.9;   7.2;    3;   3.2;   6;    0.000;   0;   6.3;   8.2; 1015.37;    6.2;   85.58;    7.4;    1.6;   -0.5;eor
        427;20211220;   10;   8.2;   3.7;    3;   0.0;   0;    3.367;   0;   3.3;   5.7; 1018.22;    1.1;   85.79;    3.5;   -1.2;   -4.3;eor
        427;20211221;   10;   5.7;   2.4;    3;   0.0;   0;    0.067;   0;   7.3;   5.7; 1020.24;    0.7;   89.21;    2.0;   -0.5;   -1.9;eor
        427;20211222;   10;   6.2;   2.7;    3;   0.0;   0;    5.317;   0;   6.8;   4.7; 1020.53;   -1.1;   83.67;    1.3;   -4.6;   -6.8;eor
        427;20211223;   10;   8.2;   4.0;    3;   7.5;   8;    0.000;   0;   7.8;   4.8; 1005.25;   -1.4;   87.25;    1.2;   -4.9;   -7.3;eor
        427;20211224;   10;  11.0;   4.6;    3;   5.0;   8;    0.000;   0;   7.3;   6.7;  994.11;    2.1;   91.88;    5.8;   -4.6;   -7.0;eor
        427;20211225;   10;   5.0;   1.2;    3;   0.0;   0;    6.067;   0;   1.5;   3.1; 1007.28;   -6.2;   81.38;   -1.9;  -10.6;  -13.9;eor
        427;20211226;   10;   6.0;   2.5;    3;   0.0;   0;    6.150;   0;   0.3;   2.7; 1008.45;   -8.3;   81.25;   -2.7;  -12.2;  -14.9;eor
        427;20211227;   10;   8.7;   4.6;    3;   0.0;   6;    0.250;   0;   6.2;   3.5; 1002.25;   -4.3;   78.04;   -1.2;   -9.9;  -12.1;eor
        427;20211228;   10;   8.7;   4.6;    3;   2.5;   6;    0.000;   0;   6.6;   5.1;  994.24;   -0.5;   84.92;    3.0;   -4.2;   -5.8;eor
        427;20211229;   10;   6.2;   2.3;    3;   0.2;   6;    0.000;   0;   7.7;   8.1;  998.20;    4.1;   98.25;    5.8;    1.2;   -0.8;eor
        427;20211230;   10;  10.8;   4.9;    3;   2.6;   6;    0.000;   0;   7.5;  11.2; 1005.58;    8.9;   96.38;   12.9;    4.5;    2.8;eor
        427;20211231;   10;  13.7;   7.1;    3;   4.9;   6;    0.000;   0;   7.4;  12.8; 1008.55;   12.4;   88.71;   13.8;   11.4;   10.6;eor
        427;20220101;   10;  12.7;   5.8;    3;   0.0;   0;    0.000;   0;   7.6;  12.2; 1015.49;   11.8;   88.25;   13.0;    8.9;    6.9;eor
        427;20220102;   10;  13.0;   5.8;    3;   5.0;   6;    0.000;   0;   6.8;  10.3; 1006.62;    9.4;   87.13;   11.4;    7.3;    5.1;eor
        427;20220103;   10;  21.4;   7.4;    3;   1.9;   6;    0.683;   0;   5.5;   9.3; 1000.27;    8.7;   82.29;   10.5;    5.2;    2.6;eor
        427;20220104;   10;   9.8;   3.8;    3;   1.7;   6;    0.000;   0;   7.3;   8.8;  990.50;    6.1;   93.29;    7.1;    3.2;    1.3;eor
        427;20220105;   10;  17.5;   6.9;    3;   0.7;   8;    2.233;   0;   7.0;   6.6;  992.22;    3.3;   85.83;    4.8;    1.8;    0.3;eor
        427;20220106;   10;  17.5;   5.2;    3;   0.0;   0;    6.367;   0;   2.2;   4.9; 1007.87;    0.7;   75.88;    3.9;   -3.0;   -5.4;eor
        427;20220107;   10;  12.3;   5.3;    3;   0.4;   8;    0.483;   0;   6.3;   5.5; 1007.84;    0.4;   88.04;    3.3;   -3.3;   -6.0;eor
        427;20220108;   10;   9.4;   4.0;    3;   0.0;   0;    2.017;   0;   6.0;   5.9; 1002.30;    1.1;   89.42;    2.8;   -0.9;   -3.1;eor
        427;20220109;   10;  10.6;   4.5;    3;   0.0;   6;    0.000;   0;   7.3;   5.6;  993.45;    1.4;   81.79;    3.5;   -1.4;   -3.5;eor
        427;20220110;   10;   5.1;   2.1;    3;   0.2;   6;    0.000;   0;   7.4;   6.9; 1014.17;    2.4;   94.29;    5.1;   -3.3;   -5.1;eor
        427;20220111;   10;   7.7;   2.8;    3;   0.0;   0;    3.850;   0;   4.6;   4.5; 1029.32;   -2.6;   89.17;    0.0;   -5.1;   -7.9;eor
        427;20220112;   10;   8.6;   3.1;    3;   0.0;   6;    0.167;   0;   7.6;   6.0; 1030.18;    0.5;   93.46;    3.1;   -3.9;   -4.5;eor
        427;20220113;   10;  13.0;   6.5;    3;   0.0;   6;    0.000;   0;   7.8;   7.3; 1027.93;    4.1;   89.54;    5.1;    3.0;    2.5;eor
        427;20220114;   10;  13.7;   6.7;    3;   0.2;   6;    0.000;   0;   7.0;   7.8; 1023.15;    5.2;   88.38;    7.0;   -0.2;   -3.8;eor
        427;20220115;   10;   6.2;   2.5;    3;   0.0;   0;    0.000;   0;   6.3;   5.9; 1022.64;    1.3;   88.71;    3.3;   -2.6;   -4.8;eor
        427;20220116;   10;  13.2;   4.9;    3;   0.5;   6;    0.000;   0;   7.3;   6.2; 1014.25;    1.6;   89.42;    5.3;   -2.3;   -4.0;eor
        427;20220117;   10;  21.1;   8.5;    3;   6.3;   8;    0.950;   0;   4.8;   6.5; 1015.57;    3.9;   80.21;    6.3;   -2.5;   -4.1;eor
        427;20220118;   10;   7.2;   3.4;    3;   0.0;   0;    2.083;   0;   5.0;   6.1; 1028.24;    1.7;   87.92;    5.1;   -4.2;   -6.5;eor
        427;20220119;   10;  14.2;   5.6;    3;   1.5;   8;    2.133;   0;   7.5;   6.7; 1016.06;    3.5;   85.00;    5.0;    1.0;   -0.8;eor
        427;20220120;   10;  20.4;   8.4;    3;   0.0;   7;    1.783;   0;   5.3;   5.0; 1009.03;    1.1;   75.71;    4.3;   -1.9;   -3.1;eor
        427;20220121;   10;  13.0;   6.4;    3;   1.7;   8;    7.017;   0;   3.6;   4.5; 1017.40;    0.1;   72.13;    3.2;   -3.8;   -5.3;eor
        427;20220122;   10;  11.0;   3.4;    3;   0.1;   6;    1.500;   0;   7.2;   6.3; 1020.75;    2.7;   84.38;    4.0;    1.1;   -0.5;eor
        427;20220123;   10;   7.0;   2.8;    3;   1.0;   6;    0.000;   0;   7.7;   8.4; 1026.00;    5.1;   95.79;    6.5;    2.6;    2.4;eor
        427;20220124;   10;   6.2;   2.3;    3;   0.6;   6;    0.050;   0;   7.8;   8.3; 1027.99;    5.1;   94.50;    6.7;    4.2;    3.8;eor
        427;20220125;   10;   8.2;   4.1;    3;   0.7;   6;    0.017;   0;   7.9;   7.5; 1025.19;    3.9;   93.00;    4.7;    3.0;    2.5;eor
        427;20220126;   10;  11.7;   5.9;    3;   0.2;   6;    0.000;   0;   7.9;   6.9; 1021.02;    2.8;   92.17;    3.9;    1.5;    1.1;eor
        427;20220127;   10;  19.7;   8.8;    3;   0.8;   6;    0.000;   0;   7.6;   7.1; 1009.83;    4.1;   87.13;    6.6;    2.8;    2.3;eor
        427;20220128;   10;  19.5;   8.3;    3;   0.9;   6;    3.367;   0;   5.7;   6.0; 1016.63;    4.8;   70.17;    6.7;    1.6;   -0.2;eor
        427;20220129;   10;  25.2;   9.3;    3;   4.0;   6;    0.000;   0;   7.4;   7.9; 1009.07;    5.8;   84.83;   10.0;    2.1;    0.6;eor
        427;20220130;   10;  26.6;  12.6;    3;   0.0;   6;    0.167;   0;   6.8;   5.8; 1006.85;    5.8;   63.17;    7.0;    3.9;    3.2;eor
        427;20220131;   10;  10.5;   3.3;    3;   0.1;   8;    0.000;   0;   6.9;   5.7; 1001.49;    2.7;   76.63;    4.0;    0.4;   -3.3;eor
        427;20220201;   10;  18.5;   8.0;    3;   3.4;   8;    0.000;   0;   7.4;   6.8;  999.64;    3.3;   87.50;    6.6;    1.1;    0.4;eor
        427;20220202;   10;  19.5;   9.0;    3;   0.0;   6;    1.400;   0;   5.8;   6.5; 1002.16;    4.9;   75.42;    7.2;   -1.3;   -3.2;eor
        427;20220203;   10;  12.3;   4.0;    3;   3.5;   6;    0.050;   0;   7.4;   7.7; 1009.63;    4.0;   92.92;    6.8;   -1.8;   -3.8;eor
        427;20220204;   10;  22.3;   6.6;    3;   0.9;   8;    0.033;   0;   7.6;   8.2; 1001.82;    6.5;   84.54;    8.2;    3.5;    2.7;eor
        427;20220205;   10;  16.5;   8.4;    3;   1.7;   8;    1.483;   0;   7.0;   6.3; 1007.34;    4.4;   75.54;    6.7;    1.6;    0.9;eor
        427;20220206;   10;  18.9;  10.7;    3;   5.6;   6;    0.400;   0;   7.8;   7.6;  994.01;    5.5;   83.75;    8.0;    3.8;    2.8;eor
        427;20220207;   10;  19.5;   8.6;    3;   0.7;   8;    1.700;   0;   6.2;   6.1; 1003.90;    3.9;   76.50;    7.2;    2.3;    0.8;eor
        427;20220208;   10;  15.1;   7.3;    3;   1.1;   6;    0.000;   0;   7.6;   8.5; 1015.78;    6.1;   88.67;    9.1;    1.8;    0.3;eor
        427;20220209;   10;  13.0;   6.3;    3;   0.0;   6;    0.000;   0;   7.6;   9.5; 1016.64;    8.7;   84.38;    9.8;    7.4;    5.8;eor
        427;20220210;   10;  11.8;   4.4;    3;   1.4;   6;    0.333;   0;   7.5;   8.4; 1012.25;    7.2;   83.08;   10.8;    3.0;    2.2;eor
        427;20220211;   10;  12.9;   4.3;    3;   0.7;   8;    2.617;   0;   5.8;   6.7; 1016.47;    3.3;   86.58;    6.2;   -2.1;   -5.3;eor
        427;20220212;   10;   8.7;   3.7;    3;   0.0;   0;    8.200;   0;   2.9;   4.9; 1024.72;    0.1;   80.25;    5.3;   -4.5;   -7.5;eor
        427;20220213;   10;  10.3;   5.0;    3;   0.0;   0;    8.083;   0;   5.5;   5.4; 1010.87;    3.0;   71.96;    7.9;   -1.2;   -3.7;eor
        427;20220214;   10;  11.3;   5.4;    3;   0.0;   6;    7.217;   0;   5.7;   5.9; 1000.75;    6.9;   60.04;   13.2;    1.7;   -2.3;eor
        427;20220215;   10;  10.8;   4.9;    3;   0.4;   6;    2.783;   0;   5.3;   7.3; 1003.22;    6.6;   75.29;   10.2;    3.9;    0.6;eor
        427;20220216;   10;  20.6;   9.7;    3;   7.6;   6;    0.000;   0;   7.5;   8.6;  991.67;    7.7;   81.33;   12.6;    4.9;    3.3;eor
        427;20220217;   10;  31.4;  14.4;    3;   0.7;   6;    1.767;   0;   5.2;   7.7;  986.13;    8.4;   68.92;   13.5;    5.4;    3.9;eor
        427;20220218;   10;  29.7;   8.9;    3;   4.8;   6;    1.050;   0;   5.0;   7.3;  994.29;    6.6;   74.92;   10.6;    1.5;   -1.0;eor
        427;20220219;   10;  29.7;  12.8;    3;   2.4;   6;    0.933;   0;   6.2;   5.4;  998.88;    5.8;   59.13;    7.8;    2.2;   -1.0;eor
        427;20220220;   10;  17.3;   7.8;    3;   7.3;   6;    0.617;   0;   7.5;   8.0;  997.69;    5.6;   87.17;    9.2;    2.2;    1.9;eor
        427;20220221;   10;  24.9;  10.7;    3;   3.3;   6;    0.883;   0;   7.1;   7.1;  988.11;    5.9;   76.21;   10.4;    3.4;    2.1;eor
        427;20220222;   10;  17.8;   8.0;    3;   2.5;   6;    3.200;   0;   7.2;   6.9; 1004.13;    5.5;   76.46;    7.7;    4.1;    2.8;eor
        427;20220223;   10;  18.0;   7.4;    3;   0.0;   0;    4.833;   0;   4.1;   6.7; 1013.85;    6.0;   71.54;    9.7;    0.8;   -3.0;eor
        427;20220224;   10;  26.2;   6.1;    3;   0.1;   6;    0.333;   0;   5.1;   6.6; 1006.04;    5.5;   72.79;   10.2;   -0.6;   -4.0;eor
        427;20220225;   10;  17.5;   7.9;    3;   1.4;   6;    3.350;   0;   5.8;   6.1; 1010.60;    4.3;   74.46;    7.6;    1.3;   -0.5;eor
        427;20220226;   10;   9.8;   4.0;    3;   0.0;   0;    0.000;   0;   5.5;   6.4; 1025.43;    4.0;   79.25;    6.7;   -1.9;   -5.6;eor
        427;20220227;   10;   5.7;   2.5;    3;   0.0;   0;    1.367;   0;   5.2;   5.8; 1031.47;   -0.3;   96.83;    2.6;   -3.7;   -7.1;eor
        427;20220228;   10;   8.4;   2.9;    3;   0.0;   0;    6.667;   0;   3.5;   4.9; 1030.47;    1.1;   75.13;    5.8;   -2.2;   -5.7;eor
        427;20220301;   10;   8.1;   3.3;    3;   0.0;   0;    9.533;   0;   2.0;   3.8; 1026.73;    1.1;   59.04;    7.9;   -3.6;   -6.7;eor
        427;20220302;   10;   5.3;   1.5;    3;   0.0;   0;    7.083;   0;   4.1;   4.0; 1019.93;    1.1;   63.33;    8.9;   -3.5;   -7.0;eor
        427;20220303;   10;   7.2;   2.5;    3;   0.0;   0;    1.517;   0;   5.0;   4.9; 1015.73;   -0.9;   85.13;    2.2;   -4.5;   -8.4;eor
        427;20220304;   10;   6.7;   2.3;    3;   0.0;   6;    0.017;   0;   6.6;   5.3; 1018.03;    1.3;   79.58;    4.2;   -2.7;   -6.2;eor
        427;20220305;   10;   7.0;   2.1;    3;   0.0;   0;    7.667;   0;   2.0;   4.6; 1018.98;    0.0;   75.75;    5.7;   -4.5;   -8.3;eor
        427;20220306;   10;   7.7;   2.5;    3;   0.0;   7;    0.000;   0;   7.5;   4.1; 1019.33;    0.8;   63.38;    2.2;   -0.8;   -2.3;eor
        427;20220307;   10;  10.1;   3.6;    3;   0.0;   0;    9.700;   0;   1.7;   4.8; 1019.60;    3.2;   63.75;    9.1;   -4.7;   -7.6;eor
        427;20220308;   10;   4.1;   1.2;    3;   0.0;   0;   10.200;   0;   1.3;   5.0; 1019.96;    2.8;   69.04;   10.2;   -4.8;   -7.8;eor
        427;20220309;   10;   5.0;   1.8;    3;   0.0;   0;   10.267;   0;   0.4;   5.0; 1020.44;    3.9;   64.58;   12.2;   -3.5;   -7.0;eor
        427;20220310;   10;  11.7;   4.8;    3;   0.0;   0;   10.117;   0;   0.6;   4.9; 1024.93;    3.3;   63.58;    9.1;   -2.1;   -6.8;eor
        427;20220311;   10;  14.1;   7.0;    3;   0.0;   0;   10.417;   0;   0.3;   2.8; 1023.25;    2.6;   39.96;    8.1;   -2.5;   -5.0;eor
        427;20220312;   10;  10.6;   5.3;    3;   0.0;   0;   10.500;   0;   0.4;   2.9; 1019.71;    4.5;   36.04;   11.9;   -2.3;   -5.3;eor
        427;20220313;   10;  12.2;   5.4;    3;   0.0;   0;   10.550;   0;   0.0;   3.1; 1016.74;    5.6;   36.50;   12.9;   -3.4;   -6.9;eor
        427;20220314;   10;  10.1;   4.9;    3;   1.5;   6;    7.267;   0;   4.0;   5.3; 1019.27;    6.8;   53.25;   13.7;   -0.1;   -3.9;eor
        427;20220315;   10;   5.7;   2.3;    3;   0.0;   0;    3.850;   0;   6.4;   8.5; 1020.82;    7.8;   80.83;   12.5;    1.4;   -1.3;eor
        427;20220316;   10;   7.0;   3.4;    3;   0.0;   0;   10.700;   0;   4.0;   8.1; 1021.98;    6.9;   81.58;   11.5;    3.6;   -1.0;eor
        427;20220317;   10;   8.2;   3.7;    3;   0.0;   6;    0.000;   0;   6.8;   7.8; 1024.17;    7.2;   77.63;   11.9;    2.5;    0.3;eor
        427;20220318;   10;   9.1;   4.0;    3;   0.0;   0;    8.533;   0;   4.5;   7.0; 1035.48;    8.5;   63.88;   13.6;    5.0;   -1.6;eor
        427;20220319;   10;  13.7;   5.6;    3;   0.0;   0;   10.300;   0;   1.5;   5.8; 1037.18;    6.1;   61.96;   10.5;    2.1;   -0.7;eor
        427;20220320;   10;  14.6;   6.3;    3;   0.0;   0;   10.900;   0;   0.1;   3.8; 1032.89;    6.1;   41.58;   12.8;    0.1;   -3.5;eor
        427;20220321;   10;  12.3;   4.8;    3;   0.0;   0;   11.000;   0;   0.9;   3.7; 1030.45;    6.7;   40.25;   13.9;   -1.2;   -5.8;eor
        427;20220322;   10;   8.1;   3.0;    3;   0.0;   0;   11.183;   0;   0.0;   4.0; 1028.35;    8.3;   40.71;   17.7;   -1.8;   -7.0;eor
        427;20220323;   10;   8.2;   2.4;    3;   0.0;   0;   11.150;   0;   0.0;   5.1; 1024.57;    9.2;   47.00;   19.0;   -0.2;   -5.4;eor
        427;20220324;   10;   4.8;   1.7;    3;   0.0;   0;   11.250;   0;   0.0;   5.2; 1023.36;    7.9;   52.21;   16.3;   -0.6;   -7.1;eor
        427;20220325;   10;   7.2;   2.2;    3;   0.0;   0;    9.183;   0;   0.6;   6.5; 1022.93;    8.7;   58.83;   17.2;   -0.2;   -5.7;eor
        427;20220326;   10;  11.5;   4.5;    3;   0.0;   0;    3.833;   0;   3.8;   8.3; 1022.58;    8.4;   75.25;   14.2;    2.2;   -2.9;eor
        427;20220327;   10;   6.2;   1.8;    3;   0.0;   0;    8.800;   0;   2.4;   7.5; 1024.00;    7.6;   74.63;   15.9;   -0.7;   -4.7;eor
        427;20220328;   10;  10.3;   4.4;    3;   0.0;   0;   11.533;   0;   0.7;   7.6; 1013.80;   10.2;   63.67;   17.4;    2.2;   -1.6;eor
        427;20220329;   10;  12.3;   4.7;    3;   0.0;   0;    5.833;   0;   4.5;   6.4; 1004.20;    7.9;   61.63;   12.5;    2.5;   -3.1;eor
        427;20220330;   10;   8.2;   2.5;    3;   0.0;   0;    0.833;   0;   6.7;   5.1;  999.42;    4.7;   61.29;    9.1;   -0.6;   -6.1;eor
        427;20220331;   10;  16.3;   7.2;    3;   0.0;   0;    4.567;   0;   7.4;   4.0;  998.23;    3.6;   52.54;    7.0;   -1.5;   -3.2;eor
        427;20220401;   10;  15.1;   8.5;    3;   0.0;   0;    3.900;   0;   7.3;   3.4; 1000.05;    3.8;   42.67;    7.9;   -0.1;   -2.2;eor
        427;20220402;   10;  14.4;   6.7;    3;   0.0;   6;    2.400;   0;   6.3;   4.2; 1007.61;    2.3;   58.25;    6.5;   -1.0;   -3.3;eor
        427;20220403;   10;  13.2;   4.5;    3;   0.1;   8;    4.800;   0;   5.6;   4.5; 1011.54;    2.5;   62.67;    7.8;   -2.8;   -7.5;eor
        427;20220404;   10;  22.5;   9.8;    3;   4.8;   6;    2.167;   0;   7.1;   6.2; 1000.06;    3.6;   78.71;    8.7;   -0.1;   -1.8;eor
        427;20220405;   10;  14.4;   6.6;    3;   4.3;   6;    1.500;   0;   7.3;   8.0;  994.95;    7.1;   79.79;    9.4;    4.8;    4.0;eor
        427;20220406;   10;  15.9;   7.1;    3;   0.0;   6;    0.083;   0;   7.8;   9.5;  993.39;   10.4;   75.54;   12.7;    8.6;    7.5;eor
        427;20220407;   10;  24.4;   9.0;    3;   7.8;   6;    3.033;   0;   6.4;   8.8;  981.42;   10.1;   71.33;   15.1;    5.7;    4.7;eor
        427;20220408;   10;  19.7;   7.8;    3;   1.7;   8;    2.050;   0;   6.5;   6.7;  987.58;    6.6;   69.42;    9.8;    2.2;   -0.4;eor
        427;20220409;   10;  21.9;   6.5;    3;   1.7;   8;    5.300;   0;   4.7;   6.4;  997.83;    5.0;   75.21;   10.6;    1.4;   -0.2;eor
        427;20220410;   10;  15.4;   6.2;    3;   0.9;   8;    4.250;   0;   5.7;   6.5; 1009.31;    4.5;   77.25;    9.4;    1.3;   -0.3;eor
        427;20220411;   10;  10.8;   3.4;    3;   0.0;   0;    9.533;   0;   3.0;   5.8; 1013.35;    6.3;   63.92;   12.3;   -0.6;   -3.9;eor
        427;20220412;   10;   9.8;   3.9;    3;   0.0;   0;   11.817;   0;   4.4;   6.0; 1012.64;    9.1;   55.04;   16.7;   -0.7;   -5.1;eor
        427;20220413;   10;   8.2;   3.5;    3;   0.0;   0;    8.933;   0;   5.8;   7.6; 1011.55;   13.8;   49.33;   21.6;    3.9;    0.0;eor
        427;20220414;   10;   8.2;   2.9;    3;   2.4;   6;    3.800;   0;   7.0;  11.4; 1013.12;   12.5;   78.83;   18.0;    7.8;    3.3;eor
        427;20220415;   10;  11.1;   5.6;    3;   0.6;   6;    0.000;   0;   7.2;   9.5; 1018.47;    8.1;   86.71;   10.9;    3.2;    1.7;eor
        427;20220416;   10;  10.6;   4.7;    3;   0.0;   0;   10.383;   0;   3.0;   5.6; 1027.44;    7.0;   57.92;   12.7;    2.3;   -3.5;eor
        427;20220417;   10;  10.5;   2.7;    3;   0.0;   0;   12.733;   0;   2.4;   5.8; 1023.43;    8.0;   55.67;   15.5;   -0.9;   -5.4;eor
        427;20220418;   10;   8.9;   3.0;    3;   0.0;   0;   12.100;   0;   3.6;   6.3; 1014.05;    9.0;   57.21;   15.6;    0.7;   -4.5;eor
        427;20220419;   10;  12.7;   4.5;    3;   0.0;   6;    8.400;   0;   5.4;   6.3; 1009.55;    9.0;   55.75;   13.9;    4.0;    0.2;eor
        427;20220420;   10;  12.9;   4.3;    3;   0.3;   6;    1.783;   0;   7.3;   7.8; 1009.83;    9.4;   66.63;   14.1;    4.6;    1.5;eor
        427;20220421;   10;   7.2;   3.0;    3;   0.1;   6;    0.000;   0;   7.8;   9.9; 1007.68;    9.5;   82.58;   11.9;    6.9;    5.7;eor
        427;20220422;   10;  13.7;   4.6;    3;   0.1;   6;    0.933;   0;   6.0;   9.1; 1004.86;    9.4;   76.96;   13.5;    4.7;   -0.2;eor
        427;20220423;   10;  13.5;   4.7;    3;   0.0;   0;   11.683;   0;   1.5;   7.6; 1004.08;   11.1;   60.29;   17.8;    3.0;   -1.7;eor
        427;20220424;   10;  14.2;   5.3;    3;   0.7;   6;    7.600;   0;   4.5;   8.2;  999.12;   11.3;   63.54;   18.0;    4.5;    1.4;eor
        427;20220425;   10;   9.3;   3.8;    3;   0.0;   0;    4.667;   0;   6.3;   8.3; 1005.30;    8.6;   75.21;   14.2;    3.8;   -1.0;eor
        427;20220426;   10;   9.1;   2.0;    3;   0.0;   0;   10.017;   0;   5.0;   7.1; 1010.94;   10.9;   59.08;   17.5;    1.4;   -3.0;eor
        427;20220427;   10;   9.8;   3.0;    3;   0.0;   0;    9.050;   0;   3.5;   7.1; 1017.43;   12.4;   51.88;   17.9;    5.7;   -0.4;eor
        427;20220428;   10;   9.6;   2.7;    3;   0.0;   0;    8.283;   0;   3.2;   7.8; 1021.98;   11.4;   60.17;   17.6;    4.8;   -0.6;eor
        427;20220429;   10;   5.1;   1.4;    3;   0.0;   0;   12.017;   0;   5.5;   7.0; 1021.40;   12.3;   53.08;   18.8;    3.3;   -2.0;eor
        427;20220430;   10;   8.2;   2.2;    3;   0.0;   0;    5.967;   0;   5.8;   8.0; 1016.76;   13.0;   56.00;   20.2;    6.4;    2.6;eor
        427;20220501;   10;   8.6;   3.9;    3;   0.0;   6;    5.933;   0;   5.3;   8.1; 1016.02;   12.2;   58.04;   16.9;    6.2;    1.8;eor
        427;20220502;   10;   7.7;   2.3;    3;   0.0;   0;   11.717;   0;   4.2;   8.5; 1012.99;   13.6;   56.58;   19.6;    6.3;    1.3;eor
        427;20220503;   10;   9.1;   2.5;    3;   0.0;   0;    8.167;   0;   4.3;   8.4; 1010.82;   13.0;   58.42;   19.7;    7.0;    1.2;eor
        427;20220504;   10;   6.2;   1.7;    3;   0.7;   6;    3.500;   0;   6.4;   9.7; 1011.62;   13.9;   64.08;   20.2;    4.3;    0.2;eor
        427;20220505;   10;   8.4;   3.2;    3;   0.0;   0;    6.583;   0;   5.0;  10.3; 1014.04;   14.6;   62.96;   19.5;    8.5;    2.8;eor
        427;20220506;   10;   8.2;   1.8;    3;   0.0;   0;   10.983;   0;   3.0;   9.4; 1018.00;   14.1;   60.83;   20.7;    5.1;   -0.3;eor
        427;20220507;   10;   8.7;   3.0;    3;   0.1;   6;    7.433;   0;   5.0;  10.8; 1016.09;   16.2;   60.63;   23.4;    7.8;    4.4;eor
        427;20220508;   10;   9.3;   3.6;    3;   0.0;   0;   11.100;   0;   3.6;   9.0; 1019.31;   15.2;   53.96;   20.1;    8.5;    3.8;eor
        427;20220509;   10;   7.2;   2.8;    3;   0.0;   0;   14.200;   0;   1.2;   8.3; 1021.27;   14.3;   54.96;   22.0;    5.1;   -1.5;eor
        427;20220510;   10;  11.5;   3.4;    3;   0.0;   6;   11.000;   0;   6.1;   9.9; 1012.77;   19.0;   47.04;   26.9;    8.1;    1.9;eor
        427;20220511;   10;  16.8;-999;    3;   0.3;   6;    5.600;   0;  -999;  13.7; 1004.51;   22.2;   54.21;   29.6;   16.3;   12.2;eor
        427;20220512;   10;  18.3;   6.0;    3;   0.0;   0;    7.183;   0;   4.9;  10.7; 1008.48;   16.6;   57.29;   20.5;   11.3;    7.0;eor
        427;20220513;   10;  15.1;   5.0;    3;   0.0;   0;    6.183;   0;   5.3;   9.3; 1010.98;   14.9;   56.00;   20.2;    8.1;    2.5;eor
        427;20220514;   10;  15.8;   5.1;    3;   0.0;   0;    6.467;   0;   4.2;  10.1; 1013.14;   15.4;   59.00;   21.3;    8.8;    3.7;eor
        427;20220515;   10;   6.3;   2.1;    3;   0.0;   0;   14.350;   0;   1.8;   9.1; 1015.47;   15.0;   57.04;   22.2;    5.9;    0.7;eor
        427;20220516;   10;   8.4;   3.8;    3;   4.2;   6;   12.250;   0;   5.4;   9.6; 1012.57;   18.4;   48.92;   26.0;    9.3;    5.5;eor
        427;20220517;   10;   6.7;   2.6;    3;   0.9;   6;    2.383;   0;   7.2;  13.7; 1014.24;   17.1;   70.50;   22.4;   12.6;   10.6;eor
        427;20220518;   10;   9.8;   4.6;    3;   0.0;   0;   14.017;   0;   4.4;  10.1; 1019.08;   18.1;   47.96;   25.0;   11.0;    9.0;eor
        427;20220519;   10;   9.8;   3.8;    3;   0.0;   0;   12.883;   0;   6.3;  12.0; 1014.27;   21.6;   48.33;   29.1;   12.7;    9.0;eor
        427;20220520;   10;  19.9;   4.2;    3;   4.4;   6;    8.083;   0;   6.4;  15.1; 1010.42;   20.8;   64.38;   26.3;   16.0;   15.5;eor
        427;20220521;   10;  20.4;   8.6;    3;   0.3;   6;    6.050;   0;   5.0;  11.5; 1009.73;   15.8;   64.42;   19.3;   12.3;   10.6;eor
        427;20220522;   10;   9.3;   3.3;    3;   0.0;   0;    8.133;   0;   5.4;  10.0; 1010.08;   14.4;   62.50;   19.6;    9.5;    4.9;eor
        427;20220523;   10;  12.9;   5.4;    3;   0.6;   6;   10.933;   0;   5.6;  10.7; 1002.62;   17.3;   57.17;   23.5;    8.5;    4.6;eor
        427;20220524;   10;  12.3;   4.9;    3;   0.1;   6;    4.383;   0;   6.3;  13.0;  999.46;   17.5;   65.38;   23.7;   10.2;    4.3;eor
        427;20220525;   10;  12.2;   3.4;    3;   0.9;   6;    6.517;   0;   5.4;  10.4; 1008.16;   15.2;   61.83;   20.8;    7.9;    3.8;eor
        427;20220526;   10;  17.8;   6.3;    3;   1.5;   6;    2.867;   0;   6.9;  10.6; 1010.41;   17.1;   54.96;   21.4;   13.3;   10.9;eor
        427;20220527;   10;  22.1;   7.5;    3;   2.3;   6;    6.500;   0;   6.0;  10.4; 1008.17;   14.5;   64.29;   19.8;    8.0;    6.5;eor
        427;20220528;   10;  18.5;   8.1;    3;   0.4;   6;    4.667;   0;   6.0;   8.8; 1007.02;   11.7;   65.42;   16.5;    8.1;    6.5;eor
        427;20220529;   10;  11.3;   3.2;    3;   0.4;   6;    2.650;   0;   6.4;   9.3; 1005.60;   11.6;   68.58;   15.8;    7.8;    6.3;eor
        427;20220530;   10;   9.6;   3.7;    3;   0.0;   0;    2.983;   0;   5.9;   9.3; 1006.42;   12.1;   67.13;   17.4;    7.2;    1.7;eor
        427;20220531;   10;   9.8;   2.0;    3;   3.5;   6;    8.700;   0;   5.8;   8.9; 1008.56;   13.9;   59.79;   21.0;    4.8;   -0.4;eor
        427;20220601;   10;  13.5;   4.1;    3;   0.5;   6;    6.683;   0;   5.5;  10.9; 1007.51;   14.7;   67.58;   20.4;    9.7;    8.6;eor
        427;20220602;   10;  11.8;   4.1;    3;   0.0;   0;   11.567;   0;   3.2;   9.3; 1014.13;   14.1;   60.58;   20.4;    7.6;    3.1;eor
        427;20220603;   10;   8.3;   2.6;    3;   0.0;   0;   14.083;   0;   2.5;   9.2; 1014.23;   18.0;   49.67;   25.8;    5.8;    1.1;eor
        427;20220604;   10;   9.8;   4.4;    3;   0.0;   6;    4.567;   0;   5.6;  10.9; 1013.59;   18.9;   50.88;   24.2;   11.9;    8.4;eor
        427;20220605;   10;  10.6;   3.7;    3;   5.0;   6;   13.800;   0;   3.8;  11.3; 1011.83;   20.4;   50.50;   28.7;    8.8;    3.7;eor
        427;20220606;   10;  15.4;   3.7;    3;   0.0;   6;    5.483;   0;   5.6;  15.2; 1008.03;   20.2;   65.54;   26.5;   14.0;    9.7;eor
        427;20220607;   10;   9.1;   2.6;    3;   0.0;   0;    7.183;   0;   4.8;  11.8; 1006.65;   18.7;   57.79;   24.8;   13.0;    8.8;eor
        427;20220608;   10;   9.1;   2.8;    3;   0.0;   6;    6.533;   0;   5.4;  13.3; 1002.81;   20.1;   58.13;   26.6;   12.7;    8.8;eor
        427;20220609;   10;   7.2;   3.2;    3;   0.1;   6;    1.767;   0;   6.4;  14.0; 1005.75;   18.5;   65.75;   21.3;   15.1;    9.6;eor
        427;20220610;   10;  11.7;   3.9;    3;   0.0;   0;   14.967;   0;   1.8;  10.7; 1015.27;   19.8;   49.08;   25.5;   12.0;    9.7;eor
        427;20220611;   10;  10.3;   3.2;    3;   0.0;   0;    3.200;   0;   6.0;  12.2; 1015.31;   21.8;   48.54;   27.8;   15.6;    9.7;eor
        427;20220612;   10;  11.1;   3.0;    3;   0.0;   6;    7.050;   0;   4.8;  12.3; 1013.29;   20.5;   54.08;   26.8;   12.9;    8.5;eor
        427;20220613;   10;  17.0;   5.6;    3;   0.7;   6;    9.283;   0;   5.4;  10.1; 1012.14;   17.2;   52.58;   22.0;   10.9;    8.8;eor
        427;20220614;   10;  10.6;   4.2;    3;   0.0;   6;    9.250;   0;   5.0;   9.3; 1015.82;   14.9;   57.25;   21.0;    8.6;    3.5;eor
        427;20220615;   10;   7.2;   2.3;    3;   0.0;   0;   13.933;   0;   3.5;   9.8; 1013.45;   18.2;   51.83;   26.4;    7.3;    2.1;eor
        427;20220616;   10;  14.4;   4.5;    3;   0.0;   0;   11.483;   0;   5.6;  11.0; 1012.70;   19.4;   50.54;   25.5;   13.0;    9.2;eor
        427;20220617;   10;   9.3;   2.8;    3;   0.0;   0;   11.867;   0;   5.6;  10.4; 1016.93;   20.4;   45.58;   26.4;   11.8;    6.3;eor
        427;20220618;   10;  12.7;   4.2;    3;   0.0;   0;   13.983;   0;   2.2;  13.4; 1009.50;   26.5;   40.96;   34.4;   16.4;   12.3;eor
        427;20220619;   10;  16.5;   6.2;    3;   9.0;   6;   10.267;   0;   2.3;  15.5; 1002.47;   25.3;   52.29;   37.6;   14.0;   13.1;eor
        427;20220620;   10;  15.4;   3.6;    3;  15.4;   8;    2.833;   0;   6.5;  13.4; 1005.81;   14.0;   84.04;   17.5;   11.1;    9.5;eor
        427;20220621;   10;  10.3;   4.2;    3;   0.0;   0;   12.400;   0;   2.8;  10.9; 1007.65;   17.7;   57.75;   24.6;   10.6;    9.2;eor
        427;20220622;   10;  10.5;   2.1;    3;   0.0;   0;   15.450;   0;   1.7;  10.3; 1006.59;   21.0;   46.75;   27.8;   10.3;    7.0;eor
        427;20220623;   10;   8.6;   3.2;    3;   0.0;   0;   15.450;   0;   0.5;  12.3; 1008.12;   22.8;   47.92;   30.1;   13.8;    8.5;eor
        427;20220624;   10;  15.9;   4.9;    3;   0.0;   6;   10.883;   0;   3.5;  14.1; 1003.52;   24.7;   47.63;   32.4;   17.6;   13.3;eor
        427;20220625;   10;   5.1;   1.8;    3;   0.0;   6;    4.250;   0;   6.0;  19.1; 1005.49;   23.2;   68.92;   28.8;   17.2;   14.4;eor
        427;20220626;   10;   8.9;   2.5;    3;   0.0;   0;   12.217;   0;   4.3;  18.4; 1008.18;   25.6;   59.88;   32.5;   17.1;   13.4;eor
        427;20220627;   10;  15.4;   4.5;    3;   3.7;   6;   12.067;   0;   4.2;  17.8; 1007.51;   27.6;   51.33;   35.5;   19.5;   15.4;eor
        427;20220628;   10;  12.0;   4.0;    3;   0.0;   6;    7.550;   0;   5.0;  15.6; 1013.98;   21.0;   64.67;   26.5;   17.2;   15.5;eor
        427;20220629;   10;   8.7;   4.0;    3;   0.0;   6;    5.533;   0;   6.3;  14.2; 1011.35;   20.6;   59.96;   23.8;   15.6;   13.8;eor
        427;20220630;   10;   8.2;   2.9;    3;   0.0;   0;    7.200;   0;   5.3;  18.2; 1006.79;   22.5;   66.75;   27.7;   19.1;   18.2;eor
        427;20220701;   10;  15.4;   5.1;    3;   0.1;   6;    3.783;   0;   5.3;  17.9; 1009.30;   19.4;   78.75;   27.1;   13.3;   11.1;eor
        427;20220702;   10;  10.5;   2.7;    3;   0.0;   0;   13.917;   0;   2.1;  11.6; 1016.77;   19.9;   55.00;   27.0;   10.8;    7.4;eor
        427;20220703;   10;  10.5;   3.5;    3;   0.0;   0;   13.850;   0;   2.5;  12.4; 1011.53;   23.6;   44.79;   30.6;   13.9;   10.9;eor
        427;20220704;   10;  12.3;   4.2;    3;   0.0;   0;   12.600;   0;   3.0;  12.9; 1011.74;   21.4;   52.13;   26.1;   14.9;    8.9;eor
        427;20220705;   10;  11.3;   3.6;    3;   0.1;   6;   11.217;   0;   3.4;  10.9; 1013.82;   20.5;   46.25;   26.7;   12.8;    7.7;eor
        427;20220706;   10;  11.5;   5.0;    3;   3.2;   6;    4.267;   0;   5.7;  10.4; 1015.10;   17.7;   52.42;   21.9;   13.6;   11.5;eor
        427;20220707;   10;  15.1;   4.9;    3;   6.7;   6;    0.433;   0;   7.4;  14.7; 1011.58;   15.4;   83.50;   20.7;   12.2;   11.9;eor
        427;20220708;   10;  12.2;   5.4;    3;   0.0;   0;    2.817;   0;   5.7;  13.2; 1018.96;   16.7;   70.50;   21.3;   13.4;   10.5;eor
        427;20220709;   10;  12.0;   4.9;    3;   2.3;   6;    1.633;   0;   5.7;  13.1; 1016.18;   16.6;   69.67;   21.6;   12.3;   10.7;eor
        427;20220710;   10;  13.0;   6.2;    3;   0.0;   0;    3.133;   0;   5.9;  10.3; 1013.38;   16.3;   56.75;   20.8;   13.2;   12.1;eor
        427;20220711;   10;   9.8;   3.9;    3;   0.0;   0;   10.333;   0;   3.4;  11.2; 1014.68;   17.9;   56.54;   23.7;   10.9;    8.8;eor
        427;20220712;   10;  11.1;   3.7;    3;   0.0;   0;   13.667;   0;   1.8;  11.3; 1016.31;   20.5;   50.13;   27.2;   10.7;    6.5;eor
        427;20220713;   10;  12.5;   4.3;    3;   0.0;   6;    2.900;   0;   6.3;  13.3; 1011.97;   23.8;   47.42;   31.0;   15.2;   11.5;eor
        427;20220714;   10;  12.3;   4.8;    3;   0.0;   0;   12.600;   0;   4.3;  10.8; 1010.93;   20.0;   47.50;   25.0;   14.5;   13.0;eor
        427;20220715;   10;  12.5;   5.5;    3;   0.0;   6;    4.133;   0;   5.0;  10.2; 1013.11;   16.6;   55.21;   20.9;   11.3;    9.8;eor
        427;20220716;   10;  17.8;   6.5;    3;   0.9;   6;    6.350;   0;   4.0;  10.4; 1013.43;   17.7;   53.29;   22.3;   13.5;   11.8;eor
        427;20220717;   10;   9.8;   3.6;    3;   0.0;   0;   11.600;   0;   3.4;   9.9; 1019.97;   17.1;   53.04;   23.9;    8.4;    5.8;eor
        427;20220718;   10;   7.2;   2.1;    3;   0.0;   0;   10.617;   0;   4.8;  11.1; 1017.58;   22.2;   44.21;   29.2;   12.0;    8.3;eor
        427;20220719;   10;   6.5;   2.0;    3;   0.0;   0;   14.633;   0;   1.3;  11.4; 1013.51;   26.6;   37.63;   35.8;   13.7;   10.4;eor
        427;20220720;   10;  10.1;   3.1;    3;   0.0;   0;   14.067;   0;   2.3;  12.9; 1011.56;   29.3;   35.33;   38.1;   18.8;   13.8;eor
        427;20220721;   10;  13.7;   4.4;    3;   1.3;   6;    6.733;   0;   5.2;  17.1; 1010.82;   24.5;   56.96;   30.2;   18.7;   17.1;eor
        427;20220722;   10;   8.7;   3.7;    3;   1.6;   6;    5.117;   0;   5.8;  17.3; 1012.03;   21.1;   70.21;   26.0;   16.0;   13.6;eor
        427;20220723;   10;  12.7;   3.5;    3;   2.7;   6;    6.833;   0;   4.1;  13.9; 1011.73;   19.0;   65.08;   24.8;   13.5;   10.0;eor
        427;20220724;   10;   7.2;   2.6;    3;   0.0;   0;   14.783;   0;   2.8;  11.8; 1013.39;   20.7;   51.88;   28.4;   10.7;    7.8;eor
        427;20220725;   10;  22.3;   4.7;    3;   4.5;   6;   10.267;   0;   4.7;  15.2; 1004.58;   25.6;   50.33;   36.1;   16.4;   13.3;eor
        427;20220726;   10;  17.8;   4.8;    3;   0.0;   6;    5.700;   0;   6.2;  15.9; 1006.98;   20.1;   68.21;   25.6;   17.1;   15.5;eor
        427;20220727;   10;  10.8;   4.0;    3;   0.0;   0;    4.333;   0;   4.4;  10.2; 1011.70;   17.1;   53.29;   22.0;   11.6;    7.0;eor
        427;20220728;   10;   5.8;   1.9;    3;   0.0;   0;   13.117;   0;   3.9;  10.3; 1013.73;   17.7;   54.04;   24.5;    8.6;    4.5;eor
        427;20220729;   10;  10.6;   4.8;    3;   0.0;   0;    8.950;   0;   5.0;  11.6; 1011.57;   21.6;   47.21;   29.1;   13.5;   11.6;eor
        427;20220730;   10;   9.6;   3.2;    3;   0.0;   0;    5.900;   0;   4.7;  12.6; 1010.61;   21.0;   51.63;   26.3;   15.3;   11.3;eor
        427;20220731;   10;   9.4;   2.4;    3;   0.0;   6;   10.483;   0;  -999;  13.6; 1008.89;   22.2;   54.46;   29.0;   12.0;    9.5;eor
        427;20220801;   10;   9.8;   4.3;    3;   0.1;   4;    1.217;   0;  -999;  16.8; 1008.68;   21.1;   67.58;   25.1;   17.1;   14.5;eor
        427;20220802;   10;   7.5;   2.1;    3;   0.0;   0;    8.033;-999;  -999;  13.4; 1012.04;   22.1;   52.75;   28.4;   16.8;   13.4;eor
        427;20220803;   10;   8.4;   1.9;    3;   0.0;   0;   13.600;-999;  -999;  13.3; 1009.97;   26.2;   42.75;   34.2;   16.4;   12.8;eor
        427;20220804;   10;  10.8;   3.0;    3;   0.0;   0;   13.783;-999;  -999;  14.6; 1007.34;   29.0;   40.63;   37.4;   18.1;   14.7;eor
        427;20220805;   10;  12.3;   4.3;    3;   0.4;   4;    3.833;-999;  -999;  16.9; 1008.43;   23.1;   59.92;   28.9;   16.5;   15.7;eor
        427;20220806;   10;  11.3;   4.1;    3;   0.0;   0;   10.800;-999;  -999;  10.1; 1018.90;   18.0;   51.04;   23.8;   11.3;    7.1;eor
        427;20220807;   10;   8.7;   1.9;    3;   0.0;   0;   12.017;-999;  -999;   9.3; 1018.91;   18.6;   47.00;   26.0;    9.1;    5.4;eor
        427;20220808;   10;   8.2;   2.4;    3;   0.0;   0;    8.833;-999;  -999;  10.3; 1018.38;   20.6;   45.58;   27.3;   11.5;    7.0;eor
        427;20220809;   10;   8.2;   3.6;    3;   0.0;   0;    8.833;-999;  -999;  12.1; 1020.81;   22.0;   47.67;   27.7;   16.9;   13.6;eor
        427;20220810;   10;   7.7;   2.8;    3;   0.0;   4;   13.867;-999;  -999;  11.7; 1020.44;   22.2;   48.00;   29.0;   14.2;   11.3;eor
        427;20220811;   10;   8.1;   3.0;    3;   0.0;   0;   13.583;-999;  -999;  11.0; 1017.43;   22.9;   42.50;   30.2;   14.7;   11.6;eor
        427;20220812;   10;  11.3;   3.4;    3;   0.0;   0;   11.733;-999;  -999;  12.1; 1015.46;   23.0;   45.75;   30.0;   14.4;    9.8;eor
        427;20220813;   10;  11.3;   2.6;    3;   1.3;   4;    1.867;-999;  -999;  17.1; 1011.93;   22.8;   61.96;   29.2;   17.0;   13.3;eor
        427;20220814;   10;  12.0;   3.2;    3;   0.0;   0;   11.650;-999;  -999;  17.2; 1005.14;   25.4;   57.54;   32.3;   18.3;   16.0;eor
        427;20220815;   10;  16.8;   3.6;    3;   0.5;   4;    8.617;-999;  -999;  19.5;  999.55;   23.4;   70.54;   31.5;   18.0;   16.2;eor
        427;20220816;   10;   9.1;   2.2;    3;   0.0;   0;   11.800;-999;  -999;  17.5; 1002.99;   23.7;   63.63;   31.2;   16.0;   13.7;eor
        427;20220817;   10;   6.7;   1.9;    3;   0.0;   0;    8.733;-999;  -999;  15.7; 1005.20;   25.9;   50.92;   33.6;   16.3;   13.4;eor
        427;20220818;   10;  12.9;   3.1;    3;   9.9;   4;    4.033;-999;  -999;  17.9; 1004.16;   25.3;   59.13;   34.4;   19.7;   16.6;eor
        427;20220819;   10;  11.7;   4.5;    3;   0.3;   4;    0.067;-999;  -999;  21.8; 1004.44;   21.8;   83.92;   24.3;   19.7;   19.1;eor
        427;20220820;   10;   7.7;   3.1;    3;   1.3;   4;    0.000;-999;  -999;  20.4; 1008.22;   20.1;   87.04;   22.4;   18.8;   18.2;eor
        427;20220821;   10;   8.1;   2.7;    3;   0.0;   0;    4.950;-999;  -999;  14.7; 1009.73;   19.6;   66.42;   25.1;   13.6;   10.5;eor
        427;20220822;   10;   8.4;   2.6;    3;   0.0;   0;    2.033;-999;  -999;  14.5; 1011.25;   19.0;   68.00;   24.6;   12.7;    9.8;eor
        427;20220823;   10;   9.1;   3.6;    3;   0.0;   4;    4.000;-999;  -999;  16.8; 1012.54;   20.6;   70.29;   25.6;   16.5;   13.9;eor
        427;20220824;   10;   6.7;   2.6;    3;   0.0;   4;    7.183;-999;  -999;  19.1; 1014.79;   21.7;   75.63;   28.1;   15.6;   12.6;eor
        427;20220825;   10;   8.9;   3.4;    3;   0.0;   0;    6.517;-999;  -999;  20.4; 1012.74;   22.2;   77.46;   28.5;   17.7;   16.5;eor
        427;20220826;   10;  28.3;   3.2;    3;  82.2;   4;    2.583;-999;  -999;  21.3; 1007.28;   21.2;   85.00;   29.3;   18.6;   16.9;eor
        427;20220827;   10;   9.3;   3.3;    3;   2.5;   4;    0.317;-999;  -999;  21.2; 1006.30;   20.5;   88.42;   24.2;   18.4;   18.0;eor
        427;20220828;   10;   8.9;   4.2;    3;   0.0;   4;    6.317;-999;  -999;  16.0; 1010.31;   18.2;   76.67;   21.4;   12.6;   10.1;eor
        427;20220829;   10;   8.7;   3.6;    3;   0.0;   0;    3.633;-999;  -999;  14.4; 1013.87;   16.5;   76.75;   22.5;   10.6;    8.5;eor
        427;20220830;   10;   9.1;   2.7;    3;   0.0;   0;    3.067;-999;  -999;  15.0; 1015.93;   17.3;   77.29;   23.2;   12.5;   10.0;eor
        427;20220831;   10;   9.6;   3.8;    3;   0.0;   0;    9.550;-999;  -999;  12.1; 1017.18;   17.4;   63.21;   22.4;   12.8;   11.1;eor
        427;20220901;   10;   8.7;   3.9;    3;   0.0;   0;   10.750;-999;  -999;  11.4; 1016.96;   16.8;   61.04;   22.0;   12.3;    9.5;eor
        427;20220902;   10;   9.3;   3.7;    3;   0.0;   0;    6.583;-999;  -999;  10.8; 1014.92;   16.1;   60.96;   22.4;   10.6;    8.5;eor
        427;20220903;   10;  12.7;   5.2;    3;   0.0;   0;    7.350;-999;  -999;   9.9; 1012.66;   16.8;   53.25;   23.1;   10.4;    8.7;eor
        427;20220904;   10;   9.9;-999;    3;   0.0;   0;   12.200;-999;  -999;  -999;    -999;   18.5;-999;   25.0;   12.4;   10.6;eor
        427;20220905;   10;  10.3;-999;    3;   0.0;   0;   11.500;-999;  -999;  -999;    -999;   19.0;-999;   24.1;   12.8;   11.0;eor
        427;20220906;   10;  11.3;   5.4;    3;   0.0;   0;    5.150;-999;  -999;  10.9; 1014.23;   18.0;   52.50;   22.7;   13.1;   11.7;eor
        427;20220907;   10;  15.6;   4.0;    3;   5.4;   4;    7.100;-999;  -999;  14.2; 1008.43;   18.9;   64.48;   26.0;   12.9;   10.8;eor
        427;20220908;   10;   7.7;-999;    3;  -999;-999;    0.050;-999;  -999;  -999;    -999;   17.0;-999;   18.4;   13.9;   11.2;eor
        427;20220909;   10;   7.4;   3.1;    3;   0.0;   4;    7.150;-999;  -999;  14.8; 1005.58;   16.8;   78.71;   23.4;   12.3;   10.2;eor
        427;20220910;   10;   7.7;   2.7;    3;   0.0;   4;    8.850;-999;  -999;  14.3; 1006.17;   16.7;   76.38;   22.6;   11.7;    9.1;eor
        427;20220911;   10;   6.7;   2.6;    3;   0.1;   4;    1.700;-999;  -999;  15.0; 1009.92;   15.5;   85.63;   20.0;   12.4;   10.1;eor
        427;20220912;   10;   5.3;   1.8;    3;   0.0;   0;    7.633;-999;  -999;  13.1; 1010.63;   15.8;   74.71;   20.8;   10.7;    8.2;eor
        427;20220913;   10;   6.7;   3.4;    3;   1.1;   4;    1.483;-999;  -999;  15.0; 1002.96;   15.2;   86.08;   20.1;   11.6;    9.6;eor
        427;20220914;   10;   6.7;   2.6;    3;   0.0;   0;    2.350;-999;  -999;  13.0;  999.42;   14.4;   79.75;   18.5;   10.1;    8.0;eor
        427;20220915;   10;  12.3;   5.0;    3;   0.0;   4;    4.400;-999;  -999;  12.3;  997.72;   14.0;   78.25;   18.9;    9.7;    8.5;eor
        427;20220916;   10;  15.4;   7.1;    3;   4.6;   4;    6.933;-999;  -999;  10.3;  998.19;   13.3;   69.38;   18.5;    9.8;    8.4;eor
        427;20220917;   10;  15.1;   6.5;    3;   3.3;   4;    4.217;-999;  -999;  11.2;  998.78;   12.3;   78.88;   16.9;    9.3;    9.1;eor
        427;20220918;   10;  15.6;   6.0;    3;   3.2;   4;    4.967;-999;  -999;  10.4; 1000.66;   10.5;   82.08;   14.7;    7.9;    7.2;eor
        427;20220919;   10;  15.8;   4.3;    3;   7.9;   4;    1.317;-999;  -999;  11.2; 1005.96;   10.6;   87.42;   16.2;    8.5;    7.3;eor
        427;20220920;   10;  11.5;   3.8;    3;   2.2;   4;    7.050;-999;  -999;  10.5; 1013.70;   10.3;   84.29;   15.3;    6.3;    3.7;eor
        427;20220921;   10;   9.8;   2.4;    3;   0.0;   4;    5.933;-999;  -999;  10.1; 1019.20;   10.8;   79.50;   17.2;    5.2;    3.0;eor
        427;20220922;   10;   6.7;   1.7;    3;   0.0;   0;    9.933;-999;  -999;   9.3; 1018.26;   11.1;   73.46;   16.9;    4.8;    1.7;eor
        427;20220923;   10;   5.7;   1.9;    3;   0.0;   0;    9.533;-999;  -999;   9.0; 1012.66;   10.6;   72.46;   17.2;    3.5;    0.9;eor
        427;20220924;   10;   5.1;   2.2;    3;   0.0;   4;    0.417;-999;  -999;  10.8; 1007.64;   12.5;   75.17;   17.4;    8.2;    6.7;eor
        427;20220925;   10;   6.2;   2.3;    3;   0.0;   4;    3.500;-999;  -999;  11.6; 1005.21;   14.2;   72.17;   19.0;   10.8;   10.2;eor
        427;20220926;   10;  10.3;   4.3;    3;   0.5;   4;    4.233;-999;  -999;  10.6;  997.81;   13.2;   71.13;   17.2;   10.5;    9.0;eor
        427;20220927;   10;  12.0;   4.6;    3;   4.3;   4;    0.383;-999;  -999;  11.0;  989.84;   11.0;   83.71;   14.1;    6.8;    4.8;eor
        427;20220928;   10;   6.2;   3.0;    3;   0.1;   4;    3.283;-999;  -999;   9.7;  991.33;    8.8;   86.21;   11.8;    6.1;    3.9;eor
        427;20220929;   10;   4.6;   2.0;    3;   0.0;   0;    1.483;-999;  -999;   9.4;  997.74;    8.7;   84.58;   14.2;    4.4;    1.9;eor
        427;20220930;   10;   6.9;   2.1;    3;   0.0;   0;    9.567;-999;  -999;   9.1; 1004.98;    9.9;   76.75;   17.4;    3.1;   -0.1;eor
        427;20221001;    3;  14.2;   5.2;    3;   1.7;   4;    0.033;-999;  -999;  10.8; 1001.54;   10.1;   86.54;   12.9;    5.4;    2.0;eor
        427;20221002;    3;  12.7;   5.9;    3;   2.8;   4;    5.750;-999;  -999;  11.8; 1007.57;   12.0;   84.46;   16.2;    9.0;    7.4;eor
        427;20221003;    3;  13.2;   6.4;    3;   0.0;   4;    2.100;-999;  -999;  11.8; 1014.55;   13.0;   78.71;   16.3;   10.5;    9.4;eor
        427;20221004;    3;  10.5;   4.1;    3;   0.0;   0;    5.050;-999;  -999;  12.0; 1015.32;   13.3;   78.83;   17.6;   10.1;    7.3;eor
        427;20221005;    3;  11.3;   4.8;    3;   0.0;   4;    4.700;-999;  -999;  12.0; 1011.57;   14.1;   74.67;   20.2;    8.1;    4.4;eor
        427;20221006;    3;  14.7;   5.6;    3;   0.0;   0;    8.450;-999;  -999;  10.9; 1019.90;   14.4;   66.92;   17.9;    5.8;    1.6;eor
        427;20221007;    3;   8.7;   2.7;    3;   0.0;   0;   10.050;-999;  -999;   9.3; 1017.85;   10.9;   73.38;   17.9;    3.7;    0.2;eor
        427;20221008;    3;  15.1;   4.1;    3;   2.4;   4;    3.817;-999;  -999;  10.8; 1012.42;   10.7;   84.63;   17.2;    5.2;    3.6;eor
        427;20221009;    3;   5.7;   2.7;    3;   0.0;   0;    9.850;-999;  -999;   9.4; 1019.36;    9.2;   81.71;   16.1;    3.6;    1.3;eor
        427;20221010;    3;  10.3;   4.2;    3;   0.0;   0;    7.667;-999;  -999;  10.0; 1011.82;   11.1;   75.79;   17.2;    4.6;    1.7;eor
        427;20221011;    3;   9.4;   2.9;    3;   0.0;   0;    8.600;-999;  -999;   9.2; 1018.81;   10.0;   76.67;   16.0;    4.2;    0.9;eor
        427;20221012;    3;   5.7;   2.0;    3;   0.0;   0;    9.650;-999;  -999;   8.4; 1019.46;    8.6;   76.88;   15.9;    1.6;   -1.2;eor
        427;20221013;    3;   8.7;   2.2;    3;   0.0;   0;    2.800;-999;  -999;  10.4; 1013.13;   10.3;   83.00;   17.0;    4.4;    1.4;eor
        427;20221014;    3;   7.7;   2.8;    3;   0.1;   4;    2.083;-999;  -999;  11.9; 1008.12;   12.2;   84.25;   17.5;    6.2;    2.1;eor
        427;20221015;    3;   6.7;   3.4;    3;   0.0;   4;    2.567;-999;  -999;  14.5; 1003.18;   14.4;   88.50;   17.9;   11.5;    9.1;eor
        427;20221016;    3;   9.3;   3.4;    3;   0.0;   0;    4.300;-999;  -999;  13.9; 1010.76;   15.3;   80.50;   21.0;   10.8;    7.3;eor
        427;20221017;    3;   8.2;   3.2;    3;   1.4;   4;    8.183;-999;  -999;  15.2; 1016.65;   17.4;   78.04;   24.4;   11.6;    9.3;eor
        427;20221018;    3;   7.2;   2.6;    3;  10.5;   4;    0.400;-999;  -999;  14.8; 1019.30;   13.6;   93.79;   16.6;    7.2;    5.2;eor
        427;20221019;    3;   7.7;   2.9;    3;   0.0;   4;    3.000;-999;  -999;   9.8; 1021.05;   10.2;   79.21;   14.2;    3.9;    0.8;eor
        427;20221020;    3;  14.6;   4.6;    3;   1.0;   4;    8.967;-999;  -999;   8.4; 1015.91;    8.0;   78.96;   14.1;    2.4;   -0.4;eor
        427;20221021;    3;   7.2;   3.5;    3;   1.6;   4;    1.567;-999;  -999;  12.1; 1005.99;   11.8;   86.54;   15.6;    7.7;    7.1;eor
        427;20221022;    3;   6.7;   2.9;    3;   0.0;   4;    2.917;-999;  -999;  14.8; 1007.38;   14.3;   90.96;   18.7;   11.2;    8.2;eor
        427;20221023;    3;   9.4;   3.1;    3;   3.1;   4;    5.150;-999;  -999;  13.4; 1009.04;   13.9;   84.54;   18.8;    9.2;    6.8;eor
        427;20221024;    3;  11.3;   5.0;    3;   0.3;   4;    0.650;-999;  -999;  14.3; 1004.56;   15.2;   83.29;   18.6;   11.2;    8.9;eor
        427;20221025;    3;  10.3;   4.0;    3;   2.5;   4;    1.717;-999;  -999;  13.0; 1009.28;   13.0;   86.75;   17.5;    7.5;    4.3;eor
        427;20221026;    3;   6.0;   2.2;    3;   0.0;   0;    8.217;-999;  -999;  11.8; 1013.33;   11.7;   86.04;   17.9;    5.1;    3.0;eor
        427;20221027;    3;   6.2;   2.9;    3;   0.0;   0;    8.200;-999;  -999;  13.6; 1018.68;   13.9;   85.75;   20.0;    8.4;    5.3;eor
        427;20221028;    3;   7.2;   3.0;    3;   0.0;   0;    6.300;-999;  -999;  14.6; 1014.46;   16.2;   80.21;   22.4;   10.9;    6.9;eor
        427;20221029;    3;   5.1;   2.7;    3;   0.0;   4;    5.017;-999;  -999;  15.1; 1014.76;   15.8;   84.17;   20.5;   12.5;   10.1;eor
        427;20221030;    3;   6.2;   1.7;    3;   0.0;   0;    6.850;-999;  -999;  14.2; 1012.41;   14.9;   84.71;   21.6;    8.6;    5.6;eor
        427;20221031;    3;   4.6;   1.7;    3;   0.1;   4;    5.333;-999;  -999;  13.3; 1013.87;   12.5;   91.75;   18.3;    8.4;    5.3;eor
        427;20221101;    3;   9.3;   3.2;    3;   0.1;   4;    1.183;-999;  -999;  13.6; 1010.39;   12.9;   91.33;   17.4;    8.8;    4.9;eor
        427;20221102;    3;  13.4;   4.5;    3;   0.0;   4;    5.250;-999;  -999;   9.3; 1014.00;    9.7;   77.71;   15.4;    4.9;    1.1;eor
        427;20221103;    3;  10.1;   3.6;    3;   0.0;   4;    4.050;-999;  -999;   8.6; 1008.99;    8.0;   80.79;   12.5;    2.5;   -0.8;eor
        427;20221104;    3;   7.0;   2.7;    3;   4.8;   4;    0.000;-999;  -999;  10.8; 1000.28;    9.2;   92.21;   11.3;    7.0;    4.4;eor
        427;20221105;    3;   9.3;   3.5;    3;   0.0;   0;    5.717;-999;  -999;   9.2; 1009.82;    8.0;   86.21;   11.9;    3.6;    0.7;eor
        427;20221106;    3;   9.8;   4.7;    3;   0.0;   4;    7.967;-999;  -999;   8.1; 1010.00;    6.9;   82.38;   11.7;    3.9;    1.6;eor
        427;20221107;    3;  12.2;   5.6;    3;   0.0;   0;    4.517;-999;  -999;   9.8; 1006.96;   10.7;   75.96;   14.4;    6.1;    4.4;eor
        427;20221108;    3;   9.8;   4.2;    3;   0.2;   4;    6.917;-999;  -999;  10.7; 1006.69;   11.8;   77.79;   16.2;    7.7;    5.0;eor
        427;20221109;    3;   9.8;   4.2;    3;   0.6;   4;    2.483;-999;  -999;  11.3; 1005.52;   11.7;   81.83;   14.8;    9.6;    6.3;eor
        427;20221110;    3;   9.3;   4.7;    3;   0.0;   0;    5.050;-999;  -999;  10.5; 1016.53;   11.2;   78.79;   14.4;    8.4;    5.5;eor
        427;20221111;    3;   7.7;   4.2;    3;   0.0;   0;    1.450;-999;  -999;   9.4; 1024.00;    8.9;   82.21;   12.2;    4.7;    1.3;eor
        427;20221112;    3;   4.6;   1.5;    3;   0.0;   0;    6.833;-999;  -999;   8.8; 1026.79;    6.8;   89.21;   14.1;    1.6;   -1.7;eor
        427;20221113;    3;   8.2;   3.9;    3;   0.0;   0;    3.550;-999;  -999;   9.6; 1022.09;    8.6;   85.67;   11.5;    5.6;    3.3;eor
        427;20221114;    3;   9.3;   4.1;    3;   0.0;   0;    5.717;-999;  -999;   8.6; 1013.55;    6.6;   88.79;   10.9;    3.7;    1.3;eor
        427;20221115;    3;   8.7;   2.6;    3;   0.0;   0;    7.317;-999;  -999;   8.9; 1006.23;    6.9;   90.08;   13.5;    2.5;   -0.8;eor
        427;20221116;    3;  11.5;   5.5;    3;   0.1;   4;    0.000;-999;  -999;   8.4; 1000.86;    5.6;   92.21;    6.4;    4.1;    3.9;eor
        427;20221117;    3;  15.4;   8.1;    3;   0.2;   4;    0.000;-999;  -999;   6.5;  997.32;    3.7;   81.75;    5.0;    1.5;    1.3;eor
        427;20221118;    3;  12.3;   5.3;    3;   0.3;   4;    0.517;-999;  -999;   4.5; 1001.90;   -1.4;   81.33;    1.5;   -6.1;   -9.7;eor
        427;20221119;    3;   9.3;   3.7;    3;   0.5;   4;    1.817;-999;  -999;   4.3; 1007.05;   -2.6;   84.67;    1.8;   -7.9;  -10.6;eor
        427;20221120;    3;   7.7;   4.0;    3;   0.1;   4;    0.100;-999;  -999;   5.0; 1003.43;   -1.0;   87.21;    1.0;   -4.0;   -6.3;eor
        427;20221121;    3;   5.7;   2.1;    3;   0.0;   0;    0.000;-999;  -999;   4.8;  998.75;   -2.1;   91.50;   -0.5;   -3.8;   -6.3;eor
        427;20221122;    3;   9.8;   4.3;    3;   0.0;   0;    0.000;-999;  -999;   5.5;  996.35;   -0.4;   92.29;    1.7;   -3.6;   -4.9;eor
        427;20221123;    3;   5.3;   2.7;    3;   0.0;   0;    5.150;-999;  -999;   6.4;  998.93;    1.9;   91.17;    7.1;   -1.0;   -3.3;eor
        427;20221124;    3;   4.6;   1.9;    3;   0.0;   4;    0.133;-999;  -999;   6.7; 1005.59;    1.6;   96.92;    4.6;   -0.3;   -0.8;eor
        427;20221125;    3;   4.3;   1.5;    3;   3.2;   4;    0.850;-999;  -999;   8.2; 1011.43;    4.3;   98.17;    6.8;    2.2;   -0.6;eor
        427;20221126;    3;   7.7;   3.1;    3;   0.0;   4;    0.000;-999;  -999;   9.6; 1021.24;    7.3;   93.92;    8.1;    6.1;    4.9;eor
        427;20221127;    3;   6.7;   3.0;    3;   0.0;   0;    5.517;-999;  -999;   7.7; 1020.23;    4.8;   89.42;    7.4;    1.9;   -0.3;eor
        427;20221128;    3;  10.5;   5.1;    3;   0.1;   4;    0.000;-999;  -999;   6.8; 1011.48;    3.5;   85.83;    5.5;    2.3;    1.1;eor
        427;20221129;    3;   6.2;   3.6;    3;   0.1;   4;    0.000;-999;  -999;   7.1; 1013.41;    3.7;   88.67;    5.0;    2.3;    1.3;eor
        427;20221130;    3;   8.2;   4.1;    3;   0.0;   0;    1.667;-999;  -999;   6.5; 1019.66;    2.7;   87.21;    7.0;    0.2;    0.3;eor
        427;20221201;    3;   7.0;   3.4;    3;   0.3;   4;    0.000;-999;  -999;   5.5; 1022.51;    0.3;   88.92;    0.9;   -0.3;   -0.2;eor
        427;20221202;    3;  11.3;   4.8;    3;   0.0;   4;    0.000;-999;  -999;   5.3; 1020.50;    0.4;   84.21;    1.6;   -1.3;   -1.4;eor
        427;20221203;    3;   8.9;   4.2;    3;   0.5;   4;    0.000;-999;  -999;   4.8; 1018.15;   -1.3;   87.38;   -0.5;   -2.2;   -2.2;eor
        427;20221204;    3;   7.7;   4.4;    3;   1.3;   4;    0.000;-999;  -999;   6.3; 1014.32;    1.0;   95.00;    2.7;   -0.5;   -0.6;eor
        427;20221205;    3;   7.7;   3.5;    3;   0.2;   4;    0.000;-999;  -999;   7.4; 1012.15;    3.1;   96.75;    4.0;    2.5;    2.3;eor
        427;20221206;    3;   8.7;   3.7;    3;   0.8;   4;    0.000;-999;  -999;   6.8; 1008.91;    2.4;   93.21;    3.3;    1.7;    1.5;eor
        427;20221207;    3;  13.9;   5.6;    3;   1.0;   4;    0.100;-999;  -999;   6.1; 1003.96;    1.7;   87.58;    4.1;   -2.1;   -4.2;eor
        427;20221208;    3;  10.3;   3.9;    3;   1.2;   4;    0.050;-999;  -999;   6.2; 1000.95;    1.2;   93.58;    3.9;   -2.2;   -5.0;eor
        427;20221209;    3;   5.7;   1.9;    3;   0.0;   4;    0.000;-999;  -999;   5.1; 1002.28;   -2.1;   96.46;   -1.4;   -3.8;   -5.5;eor
        427;20221210;    3;   6.7;   2.7;    3;   0.0;   4;    0.000;-999;  -999;   4.8; 1004.02;   -1.5;   87.63;   -0.8;   -2.7;   -3.5;eor
        427;20221211;    3;   7.7;   3.1;    3;   0.0;   4;    0.000;-999;  -999;   4.3; 1003.82;   -2.0;   81.71;   -1.6;   -2.5;   -3.1;eor
        427;20221212;    3;  10.3;   4.5;    3;   0.0;   4;    1.583;-999;  -999;   4.6; 1004.63;   -1.2;   82.38;   -0.1;   -2.7;   -4.3;eor
        427;20221213;    3;   9.4;   3.5;    3;   0.0;   0;    0.000;-999;  -999;   4.0; 1006.33;   -2.7;   78.96;   -1.1;   -7.6;  -10.6;eor
        427;20221214;    3;   6.2;   2.2;    3;   0.0;   0;    2.067;-999;  -999;   3.1; 1000.11;   -7.5;   87.42;   -3.7;  -10.8;  -14.1;eor
        427;20221215;    3;   4.6;   1.9;    3;   0.0;   0;    5.283;-999;  -999;   3.0; 1002.68;   -8.0;   86.75;   -2.8;  -12.3;  -15.0;eor
        427;20221216;    3;   5.0;   1.8;    3;   0.0;   4;    2.333;-999;  -999;   3.5; 1009.14;   -5.6;   85.08;   -1.6;  -11.0;  -13.7;eor
        427;20221217;    3;   4.6;   2.2;    3;   0.0;   4;    0.000;-999;  -999;   4.4; 1020.70;   -3.6;   92.96;   -2.2;   -6.5;   -6.0;eor
        427;20221218;    3;   8.2;   3.0;    3;   0.0;   4;    0.000;-999;  -999;   3.6; 1027.60;   -5.9;   91.75;   -4.4;   -7.5;   -7.2;eor
        427;20221219;    3;   9.9;   5.4;    3;   5.0;   4;    0.000;-999;  -999;   5.3; 1017.36;   -0.3;   84.50;    4.4;   -5.3;   -6.5;eor
        427;20221220;    3;   9.1;   4.8;    3;   3.6;   4;    0.300;-999;  -999;   7.5; 1010.05;    5.6;   82.08;    8.0;    4.0;    2.3;eor
        427;20221221;    3;   7.2;   3.5;    3;   0.3;   4;    0.167;-999;  -999;   8.9; 1004.76;    6.1;   94.21;    7.6;    4.4;    1.2;eor
        427;20221222;    3;  10.6;   3.7;    3;   4.3;   4;    0.000;-999;  -999;   9.5;  998.96;    6.6;   96.50;    9.0;    4.4;    1.3;eor
        427;20221223;    3;   7.0;   2.7;    3;   8.8;   4;    0.033;-999;  -999;   9.1;  997.90;    6.2;   96.33;    7.6;    5.1;    3.7;eor
        427;20221224;    3;   8.7;   3.5;    3;   1.0;   4;    0.100;-999;  -999;   9.0; 1003.88;    6.0;   96.04;    8.8;    4.2;    1.4;eor
        427;20221225;    3;   9.4;   3.1;    3;   8.9;   4;    0.533;-999;  -999;   8.2; 1010.03;    4.3;   97.38;    9.0;   -0.4;   -2.3;eor
        427;20221226;    3;  11.1;   6.2;    3;   0.0;   4;    0.000;-999;  -999;  10.1; 1005.20;    9.2;   86.08;   10.8;    4.9;    3.9;eor
        427;20221227;    3;  14.2;   6.0;    3;   0.0;   4;    2.583;-999;  -999;   6.2; 1015.35;    3.2;   81.17;    6.4;    0.3;   -2.0;eor
        427;20221228;    3;  13.0;   6.9;    3;   0.9;   4;    0.483;-999;  -999;   7.6; 1008.07;    6.0;   80.88;    8.4;    2.9;    1.1;eor
        427;20221229;    3;  17.7;   7.4;    3;   0.7;   4;    1.867;-999;  -999;   9.1;  999.88;    9.6;   75.67;   12.8;    7.0;    4.6;eor
        427;20221230;    3;  13.4;   6.1;    3;   0.5;   4;    4.867;-999;  -999;   7.6; 1005.25;    7.1;   74.92;    9.6;    4.7;    2.0;eor
        427;20221231;    3;  18.5;   9.0;    3;   0.0;   4;    0.517;-999;  -999;  12.0; 1002.46;   14.4;   73.50;   17.8;    8.6;    6.8;eor
        427;20230101;    3;  14.9;   7.5;    3;   0.0;   4;    0.017;-999;  -999;  10.1; 1009.32;   14.2;   62.79;   16.0;   11.3;    8.7;eor
        427;20230102;    3;  15.4;   6.0;    3;   0.1;   4;    0.000;-999;  -999;  10.0; 1010.05;   12.7;   68.25;   15.5;    7.2;    5.5;eor
        427;20230103;    3;  12.2;   3.7;    3;   0.0;   0;    4.267;-999;  -999;   7.2; 1020.84;    4.5;   85.38;    8.5;   -0.1;   -2.5;eor
        427;20230104;    3;  15.8;   8.1;    3;  13.6;   4;    0.000;-999;  -999;   8.8; 1009.20;    6.8;   87.92;   10.3;    2.2;   -0.6;eor
        427;20230105;    3;  19.0;   8.2;    3;   0.3;   4;    1.067;-999;  -999;   8.4; 1007.06;    8.2;   76.83;   10.1;    1.6;   -2.1;eor
        427;20230106;    3;  10.3;   4.0;    3;   0.4;   4;    0.017;-999;  -999;   8.7; 1012.02;    6.3;   89.42;   10.5;    1.1;   -1.7;eor
        427;20230107;    3;   8.2;   3.6;    3;   0.1;   4;    0.933;-999;  -999;   9.2; 1009.87;    7.8;   87.04;   10.6;    4.3;    1.3;eor
        427;20230108;    3;   8.6;   4.8;    3;   1.9;   4;    0.000;-999;  -999;   8.3;  999.72;    6.8;   84.46;    8.9;    3.6;    1.5;eor
        427;20230109;    3;   9.8;   4.5;    3;   1.8;   4;    1.000;-999;  -999;   8.0;  994.56;    5.8;   86.50;    8.4;    3.2;    0.8;eor
        427;20230110;    3;   8.7;   4.8;    3;   0.0;   4;    1.650;-999;  -999;   7.8; 1009.29;    5.8;   83.96;    8.4;    3.4;    1.1;eor
        427;20230111;    3;   9.8;   5.4;    3;   6.7;   4;    0.000;-999;  -999;   8.3; 1005.74;    6.3;   85.67;    8.3;    3.8;    2.3;eor
        427;20230112;    3;  16.6;   9.0;    3;   1.6;   4;    0.117;-999;  -999;   8.8; 1002.52;    8.5;   79.38;   10.7;    6.0;    3.6;eor
        427;20230113;    3;  15.4;   8.4;    3;   0.2;   4;    3.050;-999;  -999;   8.7; 1000.13;    8.7;   76.50;   10.0;    6.7;    5.1;eor
        427;20230114;    3;  14.7;   7.7;    3;  12.1;   4;    1.650;-999;  -999;   8.2; 1003.09;    7.1;   81.21;    8.7;    6.0;    4.3;eor
        427;20230115;    3;  17.0;   8.1;    3;   0.0;   4;    0.617;-999;  -999;   7.5;  993.18;    6.4;   77.17;    9.5;    4.2;    2.0;eor
        427;20230116;    3;  12.5;   6.0;    3;   0.0;   4;    4.333;-999;  -999;   6.0;  986.87;    4.3;   72.13;    7.4;    2.0;   -0.5;eor
        427;20230117;    3;  15.4;   5.2;    3;   0.1;   4;    0.750;-999;  -999;   5.9;  980.09;    2.4;   81.50;    5.2;   -3.6;   -6.1;eor
        427;20230118;    3;   4.1;   2.0;    3;   0.8;   4;    0.000;-999;  -999;   5.3;  989.58;   -0.6;   90.38;    1.9;   -4.6;   -8.0;eor
        427;20230119;    3;   8.7;   3.5;    3;   0.0;   4;    6.867;-999;  -999;   4.6;  999.34;   -2.1;   86.67;    0.8;   -6.1;   -8.8;eor
        427;20230120;    3;   7.7;   2.4;    3;   0.0;   0;    0.000;-999;  -999;   5.4; 1010.72;    0.0;   88.67;    1.1;   -1.4;   -1.4;eor
        427;20230121;    3;  17.0;   6.2;    3;   5.1;   4;    0.000;-999;  -999;   5.5; 1019.54;    0.8;   84.63;    3.5;   -1.7;   -1.6;eor
        427;20230122;    3;   7.9;   4.3;    3;   0.0;   4;    0.000;-999;  -999;   6.2; 1024.00;    1.3;   92.96;    1.9;    0.9;    0.4;eor
        427;20230123;    3;   6.5;   3.4;    3;   0.0;   4;    0.000;-999;  -999;   6.0; 1031.66;    1.4;   88.88;    2.2;    0.7;    0.2;eor
        427;20230124;    3;   6.0;   2.8;    3;   0.0;   4;    0.000;-999;  -999;   5.3; 1033.76;    0.6;   82.71;    1.5;   -0.2;   -0.5;eor
        427;20230125;    3;   5.7;   2.3;    3;   0.0;   4;    0.000;-999;  -999;   5.9; 1026.04;    0.6;   92.58;    1.3;   -0.4;   -0.3;eor
        427;20230126;    3;   4.6;   2.3;    3;   0.0;   4;    0.000;-999;  -999;   5.4; 1016.07;   -0.7;   92.79;   -0.3;   -1.0;   -0.9;eor
        427;20230127;    3;   9.3;   3.7;    3;   0.0;   4;    0.000;-999;  -999;   6.0; 1018.23;    1.4;   88.17;    3.3;   -2.2;   -5.8;eor
        427;20230128;    3;   6.2;   2.5;    3;   0.0;   4;    0.017;-999;  -999;   4.4; 1021.93;   -0.3;   73.92;    1.4;   -3.0;   -6.4;eor
        427;20230129;    3;  14.1;   6.0;    3;   0.1;   4;    0.033;-999;  -999;   5.4; 1016.75;    0.6;   85.29;    2.9;   -1.5;   -1.8;eor
        427;20230130;    3;  22.8;   9.7;    3;   2.2;   4;    0.650;-999;  -999;   6.4; 1001.82;    3.5;   81.38;    7.1;    0.5;    0.1;eor
        427;20230131;    3;  22.1;   8.5;    3;   7.0;   4;    0.000;-999;  -999;   6.9; 1007.39;    4.1;   83.46;    6.4;    1.6;    0.2;eor
        427;20230201;    3;  16.8;   9.1;    3;   7.0;   4;    0.000;-999;  -999;   6.8; 1002.91;    4.4;   81.08;    6.3;    1.8;    1.5;eor
        427;20230202;    3;  19.4;   7.3;    3;   3.1;   4;    3.283;-999;  -999;   6.2; 1009.89;    3.7;   77.13;    6.9;   -0.9;   -4.1;eor
        427;20230203;    3;  25.6;   9.3;    3;   6.1;   4;    1.450;-999;  -999;   7.7; 1008.01;    5.4;   85.50;    8.6;    0.9;   -0.1;eor
        427;20230204;    3;  14.1;   4.5;    3;   0.0;   4;    3.550;-999;  -999;   5.0; 1028.30;    1.1;   75.29;    4.2;   -4.1;   -7.8;eor
        427;20230205;    3;   6.0;   1.8;    3;   0.0;   4;    3.083;-999;  -999;   3.9; 1032.60;   -3.0;   80.88;    1.0;   -6.9;   -8.9;eor
        427;20230206;    3;   6.5;   2.0;    3;   0.5;   4;    0.833;-999;  -999;   4.3; 1033.82;   -3.3;   88.92;   -0.1;   -6.6;  -10.3;eor
        427;20230207;    3;   3.1;   1.0;    3;   0.0;   0;    8.117;-999;  -999;   3.6; 1036.34;   -4.0;   79.71;    2.6;   -9.4;  -11.7;eor
        427;20230208;    3;   8.1;   2.9;    3;   0.0;   0;    8.167;-999;  -999;   3.7; 1035.28;   -3.1;   77.04;    2.0;   -7.2;   -9.8;eor
        427;20230209;    3;   9.8;   4.3;    3;   0.0;   4;    7.000;-999;  -999;   3.6; 1027.16;   -1.9;   68.96;    3.3;   -6.3;   -9.9;eor
        427;20230210;    3;   9.9;   5.1;    3;   0.0;   0;    1.633;-999;  -999;   5.5; 1027.14;    1.9;   78.21;    5.8;   -3.1;   -5.0;eor
        427;20230211;    3;  12.2;   6.4;    3;   0.5;   4;    0.000;-999;  -999;   8.0; 1022.53;    5.2;   88.88;    7.2;    1.8;    0.8;eor
        427;20230212;    3;   6.7;   3.0;    3;   0.1;   4;    0.383;-999;  -999;   8.9; 1030.45;    6.4;   92.42;    8.8;    3.2;    0.6;eor
        427;20230213;    3;   7.2;   3.1;    3;   0.0;   4;    0.000;-999;  -999;   8.3; 1031.25;    6.4;   86.54;    7.7;    5.2;    4.3;eor
        427;20230214;    3;   6.2;   2.2;    3;   0.0;   0;    0.000;-999;  -999;   6.8; 1029.90;    5.0;   78.13;    6.3;    2.1;   -1.5;eor
        427;20230215;    3;   4.6;   2.0;    3;   0.0;   0;    5.033;-999;  -999;   6.3; 1021.51;    2.7;   85.79;   11.2;   -2.3;   -4.7;eor
        427;20230216;    3;   8.2;   3.6;    3;   0.5;   4;    6.800;-999;  -999;   6.7; 1016.27;    5.3;   76.17;   11.6;   -1.0;   -3.7;eor
        427;20230217;    3;  20.9;   8.0;    3;   2.8;   4;    0.000;-999;  -999;   9.7; 1007.80;    8.9;   83.92;   12.6;    6.6;    5.8;eor
        427;20230218;    3;  20.4;   7.6;    3;  12.3;   4;    0.000;-999;  -999;   8.5; 1007.12;    7.0;   83.88;   10.6;    5.2;    3.7;eor
        427;20230219;    3;  11.3;   4.6;    3;   0.0;   4;    4.467;-999;  -999;   6.3; 1012.26;    3.7;   78.29;    7.2;   -0.5;   -2.6;eor
        427;20230220;    3;  19.0;   9.4;    3;   0.2;   4;    0.000;-999;  -999;   7.9; 1009.00;    6.8;   79.38;   10.3;    0.2;   -1.8;eor
        427;20230221;    3;  17.7;   7.3;    3;   1.8;   4;    0.183;-999;  -999;   9.2; 1008.02;    9.2;   78.96;   11.0;    6.6;    5.5;eor
        427;20230222;    3;   8.2;   2.8;    3;   0.0;   4;    0.000;-999;  -999;   7.9; 1010.24;    6.7;   81.00;    9.5;    3.5;    1.0;eor
        427;20230223;    3;  10.8;   3.4;    3;   1.8;   4;    1.433;-999;  -999;   8.3; 1006.34;    6.2;   86.38;   10.3;    1.9;    0.1;eor
        427;20230224;    3;  13.0;   6.4;    3;   4.0;   4;    0.000;-999;  -999;   6.6;  996.70;    3.4;   84.58;    6.4;    2.0;    1.9;eor
        427;20230225;    3;  14.7;   7.1;    3;   2.5;   4;    0.000;-999;  -999;   6.0;  995.34;    1.6;   87.58;    3.8;   -0.7;   -0.8;eor
        427;20230226;    3;  10.8;   4.8;    3;   0.0;   4;    6.033;-999;  -999;   4.4; 1013.75;    1.0;   68.50;    3.9;   -1.2;   -3.0;eor
        427;20230227;    3;   7.5;   2.2;    3;   0.0;   4;    0.683;-999;  -999;   4.3; 1022.88;    0.5;   69.33;    4.2;   -4.4;   -6.5;eor
        427;20230228;    3;   7.5;   1.9;    3;   0.0;   0;    9.600;-999;  -999;   4.3; 1025.62;    0.8;   68.13;    5.8;   -4.2;   -7.8;eor
        427;20230301;    3;   4.1;   1.1;    3;   0.0;   0;    9.700;-999;  -999;   4.0; 1022.85;    0.6;   66.42;    7.7;   -6.2;   -9.3;eor
        427;20230302;    3;   7.2;   2.5;    3;   0.0;   4;    5.433;-999;  -999;   5.3; 1018.69;   -0.5;   89.38;    4.2;   -4.5;   -7.1;eor
        427;20230303;    3;  11.5;   4.0;    3;   0.0;   0;    0.000;-999;  -999;   5.7; 1016.31;    0.8;   87.92;    3.5;   -1.8;   -1.3;eor
        427;20230304;    3;  13.5;   5.7;    3;   0.4;   4;    0.033;-999;  -999;   6.0; 1010.29;    4.1;   74.33;    6.5;    0.9;   -0.8;eor
        427;20230305;    3;  12.2;   5.5;    3;   1.5;   4;    0.650;-999;  -999;   5.3; 1004.60;    1.9;   75.83;    4.1;    0.1;   -0.8;eor
        427;20230306;    3;  10.5;   3.3;    3;   1.5;   4;    1.033;-999;  -999;   5.5;  997.55;    0.2;   89.29;    2.0;   -3.9;   -6.3;eor
        427;20230307;    3;  14.2;   6.0;    3;   1.3;   4;    0.033;-999;  -999;   6.1;  989.65;    1.2;   90.58;    4.7;   -2.3;   -2.5;eor
        427;20230308;    3;   7.5;   3.4;    3;   1.6;   4;    2.967;-999;  -999;   5.5;  991.69;    0.4;   87.21;    3.7;   -3.0;   -4.5;eor
        427;20230309;    3;   7.9;   3.5;    3;   7.8;   4;    0.000;-999;  -999;   5.9;  990.90;    0.4;   94.00;    1.1;   -0.2;   -0.1;eor
        427;20230310;    3;  12.3;   3.8;    3;  12.4;   4;    0.683;-999;  -999;   7.7;  983.30;    4.0;   93.83;   10.9;    0.3;    0.2;eor
        427;20230311;    3;  13.7;   6.6;    3;   0.0;   4;    2.767;-999;  -999;   5.3;  997.21;    0.8;   82.54;    3.4;   -1.7;   -3.3;eor
        427;20230312;    3;  10.8;   4.8;    3;   0.6;   4;    4.800;-999;  -999;   5.5; 1004.18;    2.4;   75.58;    6.4;   -3.3;   -5.2;eor
        427;20230313;    3;  16.8;   7.5;    3;   2.2;   4;    1.883;-999;  -999;  10.6;  993.12;   10.9;   81.21;   16.0;    6.0;    5.0;eor
        427;20230314;    3;  19.7;   7.6;    3;   5.4;   4;    1.917;-999;  -999;   8.8;  988.57;    8.8;   76.88;   14.3;    0.1;   -1.7;eor
        427;20230315;    3;  11.8;   4.8;    3;   0.0;   4;    4.117;-999;  -999;   5.2; 1008.46;    1.8;   75.88;    7.1;   -2.6;   -5.2;eor
        427;20230316;    3;   9.3;   3.5;    3;   0.0;   0;   10.533;-999;  -999;   4.3; 1015.56;    3.6;   58.79;    9.7;   -3.7;   -6.3;eor
        427;20230317;    3;  10.3;   5.7;    3;   0.0;   0;    4.417;-999;  -999;   5.3; 1008.35;    8.3;   49.29;   13.8;    2.8;    1.1;eor
        427;20230318;    3;   8.2;   3.4;    3;   0.0;   0;    7.417;-999;  -999;   8.0; 1006.45;   11.3;   58.83;   18.4;    5.9;    2.6;eor
        427;20230319;    3;   9.4;   2.8;    3;   2.6;   4;    1.067;-999;  -999;   9.4; 1009.03;   10.5;   73.79;   16.1;    5.5;    2.9;eor
        427;20230320;    3;  10.5;   3.5;    3;   0.0;   4;    0.250;-999;  -999;   9.8; 1010.75;    9.5;   82.29;   12.7;    7.1;    4.4;eor
        427;20230321;    3;   6.7;   3.1;    3;   0.7;   4;    0.000;-999;  -999;   9.9; 1009.23;    9.3;   84.00;   12.2;    6.5;    5.9;eor
        427;20230322;    3;  13.2;   5.0;    3;   0.1;   4;    5.000;-999;  -999;  10.2; 1003.38;   12.1;   74.08;   17.1;    7.0;    5.1;eor
        427;20230323;    3;  14.4;   5.6;    3;   2.7;   4;    1.383;-999;  -999;  10.4;  999.88;   12.1;   74.04;   16.7;    8.5;    4.9;eor
        427;20230324;    3;  17.3;   6.0;    3;   0.9;   4;    1.167;-999;  -999;  10.8;  996.60;   12.0;   77.42;   16.2;    7.6;    5.0;eor
        427;20230325;    3;  19.7;   7.2;    3;  10.6;   4;    3.617;-999;  -999;   9.2;  996.62;    9.5;   78.13;   14.0;    6.5;    5.0;eor
        427;20230326;    3;  13.0;   5.5;    3;   0.0;   4;    1.700;-999;  -999;   8.1;  997.00;    8.2;   74.54;   11.3;    4.4;    3.7;eor
        427;20230327;    3;  15.6;   6.0;    3;   2.0;   4;    4.917;-999;  -999;   5.3; 1006.03;    3.3;   69.54;    7.3;    0.9;   -1.2;eor
        427;20230328;    3;  15.6;   5.8;    3;   0.0;   4;    8.500;-999;  -999;   4.6; 1015.50;    3.2;   62.54;    7.8;   -0.2;   -3.0;eor
        427;20230329;    3;   9.8;   3.9;    3;   0.1;   4;    1.717;-999;  -999;   6.7; 1010.55;    6.1;   71.04;   10.5;   -0.3;   -2.7;eor
        427;20230330;    3;  21.1;   4.9;    3;   8.1;   4;    3.400;-999;  -999;  10.6; 1000.78;   11.0;   80.92;   18.5;    7.8;    6.8;eor
        427;20230331;    3;  12.2;   4.5;    3;   5.0;   4;    2.467;-999;  -999;  10.7;  993.63;   10.4;   84.75;   14.5;    8.4;    6.6;eor
        427;20230401;    3;  12.5;   4.4;    3;   2.5;   4;    0.000;-999;  -999;   9.7;  995.96;    7.6;   92.29;   11.2;    2.8;    2.6;eor
        427;20230402;    1;  13.5;   6.7;    1;   0.0;   0;    2.617;-999;  -999;   5.5; 1015.22;    4.1;   67.29;    8.7;    0.4;   -1.8;eor
        427;20230403;    1;  12.2;   5.5;    1;   0.0;   4;    3.150;-999;  -999;   4.6; 1025.16;    2.3;   64.46;    5.3;   -0.7;   -2.6;eor
        427;20230404;    1;   9.6;   3.0;    1;   0.0;   0;    7.183;-999;  -999;   4.3; 1021.94;    2.7;   59.75;    7.0;   -2.8;   -6.7;eor
        427;20230405;    1;   6.2;   2.0;    1;   0.0;   4;    3.667;-999;  -999;   5.0; 1016.99;    3.0;   66.46;    8.5;   -3.5;   -6.1;eor
        427;20230406;    1;   7.7;   2.6;    1;   0.0;   0;   11.017;-999;  -999;   5.1; 1015.05;    5.3;   59.67;   11.4;   -1.0;   -4.8;eor
        427;20230407;    1;   7.5;   3.0;    1;   3.1;   4;    0.000;-999;  -999;   6.4; 1013.90;    3.8;   78.67;    6.4;   -0.5;   -4.9;eor
        427;20230408;    1;   9.3;   3.5;    1;   0.0;   4;    3.733;-999;  -999;   8.1; 1018.30;    7.0;   81.50;   12.5;    1.7;   -2.2;eor
        427;20230409;    1;   7.5;   1.9;    1;   0.0;   0;    9.617;-999;  -999;   7.5; 1020.89;    6.5;   79.46;   13.7;   -1.7;   -3.9;eor
        427;20230410;    1;  10.8;   3.2;    1;   1.1;   4;   11.017;-999;  -999;   8.1; 1015.95;    9.5;   70.63;   16.4;   -0.3;   -1.7;eor
        427;20230411;    1;  17.0;   5.3;    1;   3.5;   4;    3.617;-999;  -999;   8.2; 1004.44;    8.4;   74.50;   13.1;    1.7;   -1.6;eor
        427;20230412;    1;  13.2;   4.4;    1;   1.4;   4;    7.917;-999;  -999;   7.6;  999.62;    8.3;   71.38;   15.2;   -0.2;   -3.6;eor
        427;20230413;    1;   9.4;   3.4;    1;   0.0;   4;    2.750;-999;  -999;   8.5;  999.16;    9.3;   74.25;   14.0;    5.1;    1.7;eor
        427;20230414;    1;   9.4;   3.8;    1;  14.6;   4;    0.000;-999;  -999;   9.4; 1001.98;    7.8;   88.46;    8.6;    6.5;    5.1;eor
        427;20230415;    1;   8.4;   4.0;    1;   7.5;   4;    0.000;-999;  -999;  11.0; 1002.55;    9.5;   92.38;   10.9;    8.0;    7.3;eor
        427;20230416;    1;   8.2;   3.7;    1;   2.9;   4;    0.000;-999;  -999;  10.8; 1012.58;    9.3;   91.63;   11.1;    7.3;    6.8;eor
        427;20230417;    1;   8.2;   4.2;    1;   1.1;   4;    0.200;-999;  -999;   8.8; 1019.10;    7.0;   87.13;    9.4;    5.4;    4.6;eor
        427;20230418;    1;  10.8;   5.1;    1;   0.0;   4;    0.750;-999;  -999;   8.6; 1021.65;    8.6;   77.29;   13.5;    4.3;    2.4;eor
        427;20230419;    1;  15.9;   6.1;    1;   6.3;   4;    6.150;-999;  -999;   7.0; 1017.24;    7.0;   71.17;   12.0;    3.3;    1.8;eor
        427;20230420;    1;  10.1;   3.6;    1;   0.1;   4;    1.850;-999;  -999;   9.5; 1014.58;    9.5;   80.79;   15.9;    5.2;    4.4;eor
        427;20230421;    1;  12.3;   5.4;    1;   0.0;   0;   12.167;-999;  -999;   8.7; 1011.73;   14.0;   56.50;   20.0;    8.1;    4.1;eor
        427;20230422;    1;  11.0;   3.6;    1;   0.3;   4;   12.850;-999;  -999;   8.2; 1006.05;   15.0;   50.58;   21.9;    5.8;    0.7;eor
        427;20230423;    1;   9.6;   3.2;    1;   0.8;   4;    3.317;-999;  -999;  11.4; 1001.04;   13.2;   75.00;   17.7;    9.2;    6.1;eor
        427;20230424;    1;  16.5;   6.1;    1;   0.5;   4;    6.317;-999;  -999;  10.0;  997.72;   12.4;   70.21;   17.9;    6.4;    4.9;eor
        427;20230425;    1;  12.9;   6.0;    1;   0.0;   4;    0.917;-999;  -999;   6.9; 1003.10;    7.9;   65.71;   10.8;    3.2;    1.1;eor
        427;20230426;    1;  12.2;   5.3;    1;   0.0;   4;    6.033;-999;  -999;   6.0; 1010.02;    6.1;   65.38;   10.5;    1.3;   -0.1;eor
        427;20230427;    1;   9.6;   3.2;    1;   0.0;   4;    3.650;-999;  -999;   5.9; 1014.16;    7.2;   59.29;   11.7;    0.9;   -2.1;eor
        427;20230428;    1;  11.8;   3.6;    1;   2.2;   4;    5.900;-999;  -999;   8.2; 1009.26;    9.8;   67.75;   15.8;    0.4;   -2.2;eor
        427;20230429;    1;   9.8;   3.9;    1;   0.4;   4;    1.050;-999;  -999;  10.7; 1007.67;   11.4;   79.38;   14.6;    8.1;    5.8;eor
        427;20230430;    1;   8.2;   2.7;    1;   0.0;   0;   13.750;-999;  -999;   6.3; 1016.51;    9.1;   57.13;   14.9;    3.1;   -0.9;eor
        427;20230501;    1;   8.7;   2.7;    1;   0.0;   4;   11.767;-999;  -999;   7.6; 1010.83;   12.0;   56.83;   19.1;    2.1;   -2.1;eor
        427;20230502;    1;  12.0;   4.6;    1;   0.0;   0;    6.367;-999;  -999;   8.5; 1014.52;   11.3;   62.83;   15.3;    8.1;    6.3;eor
        427;20230503;    1;   6.3;   2.8;    1;   0.0;   0;   13.783;-999;  -999;   6.7; 1021.55;   10.1;   55.71;   15.5;    4.7;   -0.4;eor
        427;20230504;    1;   6.7;   2.1;    1;   0.0;   0;   12.533;-999;  -999;   7.6; 1017.70;   12.3;   56.63;   19.3;    3.2;   -1.2;eor
        427;20230505;    1;  12.7;   6.0;    1;  11.1;   4;   11.417;-999;  -999;   8.9; 1013.40;   14.1;   57.04;   20.9;    7.3;    4.3;eor
        427;20230506;    1;   7.9;   4.4;    1;   0.0;   0;    0.000;-999;  -999;   9.8; 1013.25;    8.2;   90.04;    9.5;    7.4;    7.4;eor
        427;20230507;    1;  11.0;   5.1;    1;   0.0;   4;    4.817;-999;  -999;   9.0; 1018.30;   10.9;   70.54;   16.1;    6.0;    2.3;eor
        427;20230508;    1;  14.9;   5.9;    1;   0.0;   0;   14.217;-999;  -999;   7.1; 1020.72;   11.3;   56.42;   18.0;    3.4;    0.5;eor
        427;20230509;    1;  14.1;   7.0;    1;   0.0;   0;   14.050;-999;  -999;   7.2; 1013.46;   13.8;   46.71;   19.0;    7.7;    5.2;eor
        427;20230510;    1;  12.7;   5.0;    1;   0.0;   0;   12.567;-999;  -999;  10.2; 1006.21;   15.7;   58.33;   22.5;    9.4;    6.0;eor
        427;20230511;    1;  13.2;   4.5;    1;   0.0;   0;    9.600;-999;  -999;  10.0; 1009.51;   16.5;   56.79;   22.4;    8.6;    4.8;eor
        427;20230512;    1;  12.3;   5.3;    1;   0.0;   0;   13.150;-999;  -999;   8.8; 1013.09;   17.0;   47.25;   22.5;   10.3;    8.2;eor
        427;20230513;    1;  13.5;   5.0;    1;   0.0;   4;   10.783;-999;  -999;   8.6; 1015.44;   15.7;   50.29;   22.2;    9.8;    5.5;eor
        427;20230514;    1;   9.3;   2.9;    1;   0.0;   4;    3.950;-999;  -999;   9.5; 1011.52;   14.7;   59.46;   21.1;    8.2;    3.5;eor
        427;20230515;    1;  13.9;   2.6;    1;   0.1;   4;    1.683;-999;  -999;  10.9; 1003.15;   13.8;   70.13;   21.0;    6.1;    3.1;eor
        427;20230516;    1;  12.9;   5.6;    1;   0.0;   0;    2.717;-999;  -999;   9.1; 1008.65;   12.0;   65.17;   16.0;    5.9;    2.8;eor
        427;20230517;    1;  13.0;   4.8;    1;   0.0;   0;   11.767;-999;  -999;   7.0; 1016.55;   10.7;   56.58;   15.9;    3.7;    1.5;eor
        427;20230518;    1;   8.6;   3.0;    1;   0.0;   0;    8.617;-999;  -999;   7.5; 1021.65;   11.9;   55.46;   17.0;    6.4;    0.8;eor
        427;20230519;    1;  12.9;   4.3;    1;   0.0;   0;    8.017;-999;  -999;   8.9; 1020.72;   13.0;   61.21;   19.0;    5.8;    1.4;eor
        427;20230520;    1;  11.7;   5.1;    1;   0.0;   0;    5.950;-999;  -999;  12.0; 1018.05;   14.6;   72.08;   19.9;    8.9;    6.8;eor
        427;20230521;    1;  12.9;   5.2;    1;   0.0;   0;   10.300;-999;  -999;  13.8; 1012.67;   20.6;   59.58;   27.7;   12.2;   10.2;eor
        427;20230522;    1;  10.8;   4.6;    1;   0.0;   4;   11.433;-999;  -999;  11.0; 1009.75;   20.4;   47.33;   25.8;   14.8;   10.1;eor
        427;20230523;    1;  13.4;   4.6;    1;   1.2;   4;    2.517;-999;  -999;  12.6; 1007.46;   15.2;   72.75;   21.3;    9.3;    8.2;eor
        427;20230524;    1;   7.7;   3.7;    1;   0.0;   0;    4.600;-999;  -999;   9.2; 1014.86;   11.3;   68.92;   16.0;    7.9;    2.8;eor
        427;20230525;    1;   8.9;   3.1;    1;   0.0;   0;   12.733;-999;  -999;  10.3; 1018.44;   14.6;   64.13;   20.3;    6.0;    3.4;eor
        427;20230526;    1;   9.9;   3.7;    1;   0.0;   0;   14.400;-999;  -999;   8.7; 1020.66;   14.8;   54.54;   20.4;    6.5;    1.6;eor
        427;20230527;    1;   9.6;   2.3;    1;   0.0;   0;   14.717;-999;  -999;   8.1; 1020.34;   14.8;   51.71;   21.5;    6.0;   -0.3;eor
        427;20230528;    1;   8.2;   2.3;    1;   0.0;   0;   14.850;-999;  -999;   8.5; 1014.69;   16.7;   49.33;   24.2;    5.9;    0.1;eor
        427;20230529;    1;   9.8;   3.7;    1;   0.0;   0;   10.800;-999;  -999;   9.0; 1015.45;   16.6;   49.21;   22.2;    9.7;    2.8;eor
        427;20230530;    1;   9.3;   3.1;    1;   0.0;   0;   15.100;-999;  -999;   8.4; 1018.13;   16.4;   47.71;   22.7;    7.0;    1.2;eor
        427;20230531;    1;   6.7;   2.5;    1;   0.0;   0;   13.917;-999;  -999;   8.5; 1017.09;   18.0;   44.58;   25.6;    9.3;    2.7;eor
        427;20230601;    1;  10.6;   4.6;    1;   0.0;   0;   13.117;-999;  -999;  10.7; 1011.19;   16.6;   58.63;   22.5;   11.3;    7.8;eor
        427;20230602;    1;  13.2;   4.5;    1;   0.0;   0;    8.083;-999;  -999;   8.3; 1014.10;   13.9;   54.75;   19.9;    7.7;    3.1;eor
        427;20230603;    1;  10.5;   3.2;    1;   0.0;   0;   15.083;-999;  -999;   6.7; 1017.20;   13.7;   45.79;   20.3;    5.3;   -1.3;eor
        427;20230604;    1;   7.5;   2.1;    1;   0.0;   0;   15.183;-999;  -999;   7.1; 1015.98;   16.1;   42.92;   23.6;    5.1;   -1.2;eor
        427;20230605;    1;  14.7;   3.2;    1;   0.0;   0;   13.750;-999;  -999;   8.5; 1014.72;   19.3;   40.75;   26.3;    9.4;    1.9;eor
        427;20230606;    1;   9.1;   2.7;    1;   0.0;   4;    1.833;-999;  -999;  11.8; 1013.31;   19.3;   52.92;   23.5;   13.9;   11.6;eor
        427;20230607;    1;  10.1;   3.7;    1;   0.0;   0;    7.267;-999;  -999;  10.6; 1012.27;   23.1;   38.67;   29.0;   16.6;   12.7;eor
        427;20230608;    1;   8.9;   3.6;    1;   0.0;   0;   10.750;-999;  -999;  10.4; 1010.40;   23.4;   37.46;   30.0;   16.8;   13.2;eor
        427;20230609;    1;  10.8;   4.6;    1;   0.0;   0;   14.983;-999;  -999;  11.0; 1009.75;   22.7;   42.63;   29.7;   14.6;   10.1;eor
        427;20230610;    1;  12.0;   4.5;    1;   0.0;   0;   12.067;-999;  -999;  12.9; 1011.61;   21.9;   52.25;   29.4;   13.9;   13.0;eor
        427;20230611;    1;   9.3;   3.8;    1;   0.0;   0;   13.267;-999;  -999;  10.8; 1014.01;   21.1;   43.88;   28.0;   13.3;    7.2;eor
        427;20230612;    1;  13.7;   4.2;    1;   0.0;   0;   13.100;-999;  -999;   9.4; 1013.64;   20.3;   41.04;   26.3;   12.5;    6.5;eor
        427;20230613;    1;  13.2;   4.8;    1;   0.0;   4;   10.750;-999;  -999;   9.5; 1010.45;   17.9;   47.75;   24.1;   11.3;    6.2;eor
