STATIONS_ID;MESS_DATUM;QN_3;  FX;  FM;QN_4; RSK;RSKF; SDK;SHK_TAG;  NM; VPM;  PM; TMK; UPM; TXK; TNK; TGK;eor
       1975;20211211;   10;   7.7;-999;    3;   0.9;   6;    0.100;   0;  -999;   6.1;    -999;    2.5;   84.08;    4.8;   -0.3;   -2.4;eor
       1975;20211212;   10;   9.6;   3.9;    3;   2.4;   6;    0.000;   0;   8.0;   8.7;    -999;    5.2;   97.13;    8.3;    1.7;    1.7;eor
       1975;20211213;   10;   7.2;   3.2;    3;   0.5;   6;    0.000;   0;   7.8;  11.2; 1022.55;    9.3;   95.25;   10.6;    7.7;    6.8;eor
       1975;20211214;   10;   9.8;   3.7;    3;   0.5;   6;    0.000;   0;   7.8;  10.2; 1022.80;    8.1;   94.29;    8.7;    7.5;    5.9;eor
       1975;20211215;   10;  10.3;   4.3;    3;   0.0;   6;    0.000;   0;   7.5;  10.6; 1025.53;    9.7;   88.33;   10.6;    8.4;    7.3;eor
       1975;20211216;   10;   8.7;   3.8;    3;   0.1;   6;    0.200;   0;   7.5;   9.8; 1032.97;    8.1;   90.38;    9.3;    6.5;    6.2;eor
       1975;20211217;   10;   8.7;   3.6;    3;   0.3;   6;    0.000;   0;   8.0;   9.4; 1036.67;    6.5;   96.71;    7.9;    5.4;    5.8;eor
       1975;20211218;   10;  13.7;   4.9;    3;   0.1;   6;    0.817;   0;   6.8;   9.6; 1033.00;    7.3;   93.50;    9.0;    6.5;    5.4;eor
       1975;20211219;   10;  17.8;   6.6;    3;   0.0;   6;    0.000;   0;   5.5;   8.1; 1023.53;    6.2;   85.63;    8.6;   -2.0;   -4.6;eor
       1975;20211220;   10;   4.1;   1.9;    3;   0.0;   0;    6.583;   0;   0.3;   4.9; 1025.35;   -0.7;   85.25;    3.7;   -4.5;   -7.1;eor
       1975;20211221;   10;   3.6;   0.8;    3;   0.0;   0;    4.600;   0;   2.2;   4.7; 1025.06;   -2.9;   94.25;    2.3;   -6.3;   -9.0;eor
       1975;20211222;   10;   6.7;   2.9;    3;   0.0;   7;    0.667;   0;   6.0;   4.3; 1023.25;   -4.0;   93.67;   -2.4;   -6.0;   -8.8;eor
       1975;20211223;   10;   9.1;   3.4;    3;  11.9;   8;    0.000;   0;   7.8;   5.4; 1006.91;   -0.6;   90.75;    3.5;   -3.3;   -4.7;eor
       1975;20211224;   10;  11.5;   3.5;    3;   2.4;   8;    0.000;   0;   6.9;   5.9; 1000.25;    0.7;   87.54;    5.0;   -7.2;   -8.7;eor
       1975;20211225;   10;   2.6;   0.8;    3;   0.0;   0;    6.517;   0;   0.8;   3.3; 1011.89;   -6.1;   85.67;   -0.2;  -10.2;  -11.5;eor
       1975;20211226;   10;   8.7;   3.0;    3;   0.1;   8;    6.583;   0;   0.1;   2.8; 1011.14;   -6.0;   72.67;   -1.8;   -9.8;  -13.0;eor
       1975;20211227;   10;   8.9;   4.8;    3;   0.0;   8;    0.000;   0;   6.8;   4.1; 1002.70;   -2.6;   79.79;    0.9;   -5.9;   -7.2;eor
       1975;20211228;   10;   9.1;   4.4;    3;   2.2;   6;    0.000;   0;   7.6;   6.6;  993.93;    1.8;   94.46;    2.7;    0.8;    0.3;eor
       1975;20211229;   10;   5.3;   1.6;    3;   0.6;   6;    0.000;   0;   8.0;   7.6; 1001.31;    3.1;   99.00;    6.2;    1.4;    1.0;eor
       1975;20211230;   10;  13.0;   4.9;    3;   4.8;   6;    0.000;   0;   7.8;  11.9; 1007.31;    9.9;   96.92;   12.3;    5.9;    3.6;eor
       1975;20211231;   10;  13.9;   6.2;    3;   9.6;   6;    0.000;   0;   7.6;  13.1; 1010.88;   12.3;   91.42;   13.6;   11.4;   10.7;eor
       1975;20220101;   10;  10.1;   4.8;    3;   9.0;   6;    0.000;   0;   7.5;  12.4; 1017.93;   11.8;   90.00;   13.0;   11.0;    9.7;eor
       1975;20220102;   10;  20.2;   6.0;    3;  15.9;   6;    0.000;   0;   7.5;  11.5; 1007.00;   10.8;   87.83;   12.4;    8.7;    7.2;eor
       1975;20220103;   10;  14.2;   5.6;    3;  13.0;   8;    1.150;   0;   7.3;   9.7; 1001.65;    8.4;   88.21;   10.4;    6.2;    5.2;eor
       1975;20220104;   10;  11.3;   4.6;    3;   2.8;   6;    0.000;   0;   5.9;   8.3;  992.68;    5.6;   89.50;    7.8;    1.8;    0.2;eor
       1975;20220105;   10;  16.1;   6.2;    3;   2.7;   8;    0.000;   0;   5.0;   6.5;  994.82;    3.2;   84.71;    5.6;    1.3;   -1.2;eor
       1975;20220106;   10;   9.3;   2.6;    3;   0.2;   8;    6.567;   0;   2.0;   5.5; 1012.70;    1.1;   83.13;    4.5;   -2.9;   -5.3;eor
       1975;20220107;   10;  13.2;   6.2;    3;   1.2;   8;    0.000;   0;   7.4;   6.6; 1007.38;    2.6;   89.54;    4.2;    1.3;   -0.2;eor
       1975;20220108;   10;  12.3;   5.8;    3;   0.5;   8;    2.567;   0;   7.2;   6.2; 1002.26;    2.4;   85.00;    4.2;    1.1;   -0.1;eor
       1975;20220109;   10;  10.6;   4.4;    3;   5.4;   8;    0.000;   0;   8.0;   7.1;  993.92;    3.1;   92.71;    5.2;    1.1;    0.7;eor
       1975;20220110;   10;   5.0;   1.9;    3;   0.0;   6;    0.000;   0;   7.6;   7.2; 1018.53;    3.4;   92.79;    4.3;    2.0;    1.5;eor
       1975;20220111;   10;   7.7;   4.1;    3;   0.0;   6;    1.833;   0;   7.2;   6.9; 1031.15;    3.4;   89.04;    4.5;    2.6;    1.5;eor
       1975;20220112;   10;   9.8;   3.5;    3;   0.0;   6;    0.783;   0;   7.6;   7.8; 1034.00;    4.5;   92.25;    6.4;    2.9;    2.6;eor
       1975;20220113;   10;  13.5;   6.0;    3;   0.0;   6;    0.000;   0;   7.6;   8.7; 1032.76;    6.2;   91.46;    7.5;    4.6;    4.5;eor
       1975;20220114;   10;  13.4;   4.8;    3;   0.3;   6;    0.000;   0;   5.5;   8.6; 1029.20;    5.6;   93.13;    7.8;   -0.2;   -3.0;eor
       1975;20220115;   10;   6.7;   1.5;    3;   0.0;   0;    2.267;   0;   6.4;   6.9; 1026.43;    3.1;   90.46;    6.5;   -0.6;   -3.0;eor
       1975;20220116;   10;  13.0;   5.0;    3;   0.9;   6;    0.000;   0;   7.8;   7.6; 1017.60;    4.2;   91.29;    6.7;    2.2;    0.1;eor
       1975;20220117;   10;  20.6;   7.8;    3;   0.8;   6;    0.317;   0;   5.8;   7.1; 1022.97;    5.8;   76.88;    7.9;    2.7;   -0.1;eor
       1975;20220118;   10;  11.1;   3.7;    3;   0.1;   6;    0.000;   0;   7.8;   8.1; 1033.05;    5.9;   86.25;    7.2;    4.9;    4.2;eor
       1975;20220119;   10;  15.6;   6.3;    3;   0.9;   6;    0.000;   0;   7.6;   7.2; 1018.60;    4.3;   87.25;    5.9;    2.8;    0.2;eor
       1975;20220120;   10;  18.5;   6.7;    3;   0.5;   7;    2.717;   0;   3.0;   4.6; 1017.16;    1.4;   67.08;    3.9;   -1.6;   -5.6;eor
       1975;20220121;   10;  10.1;   4.7;    3;   0.9;   6;    3.783;   0;   4.7;   6.2; 1024.37;    2.8;   79.92;    6.3;   -1.0;   -3.7;eor
       1975;20220122;   10;   8.7;   4.0;    3;   1.6;   6;    0.000;   0;   7.7;   8.9; 1026.78;    5.9;   95.79;    6.9;    5.2;    4.7;eor
       1975;20220123;   10;   9.3;   3.6;    3;   0.3;   6;    0.083;   0;   7.7;   8.9; 1031.72;    6.3;   93.17;    7.9;    4.8;    4.1;eor
       1975;20220124;   10;   8.2;   2.9;    3;   0.0;   6;    0.000;   0;   8.0;   7.2; 1032.48;    4.6;   84.58;    5.1;    4.0;    3.6;eor
       1975;20220125;   10;   6.7;   3.0;    3;   0.2;   6;    0.000;   0;   8.0;   7.7; 1030.24;    4.3;   92.25;    5.4;    3.6;    3.2;eor
       1975;20220126;   10;  10.8;   5.2;    3;   1.4;   6;    0.000;   0;   8.0;   7.4; 1024.74;    3.6;   92.96;    4.7;    2.6;    2.5;eor
       1975;20220127;   10;  19.2;   8.5;    3;   1.7;   6;    0.733;   0;   7.1;   7.9; 1013.09;    6.0;   84.58;    8.8;    4.6;    3.5;eor
       1975;20220128;   10;  16.5;   6.3;    3;   2.1;   6;    6.367;   0;   5.1;   6.2; 1023.85;    5.1;   71.13;    7.0;    3.0;    1.5;eor
       1975;20220129;   10;  28.1;   9.7;    3;   0.6;   6;    0.000;   0;   7.9;   8.8; 1011.68;    7.7;   83.42;   11.3;    5.0;    4.2;eor
       1975;20220130;   10;  24.9;  10.7;    3;   0.5;   8;    0.417;   0;   6.9;   6.1; 1015.31;    5.6;   66.83;    6.9;    3.3;    2.3;eor
       1975;20220131;   10;   9.9;   3.4;    3;   0.9;   8;    0.000;   0;   7.5;   6.3; 1005.69;    2.5;   86.17;    3.4;    1.3;   -0.2;eor
       1975;20220201;   10;  20.4;   7.2;    3;   3.1;   6;    0.000;   0;   7.4;   7.4; 1003.92;    4.8;   86.17;    7.9;    1.8;    0.7;eor
       1975;20220202;   10;  18.7;   7.5;    3;   0.2;   6;    2.500;   0;   6.0;   6.6; 1009.66;    5.0;   76.38;    7.3;    1.0;   -2.1;eor
       1975;20220203;   10;  10.5;   4.4;    3;   4.4;   6;    0.000;   0;   7.8;   8.8; 1010.93;    6.0;   93.50;    8.2;    2.1;    0.6;eor
       1975;20220204;   10;  14.6;   6.8;    3;   7.7;   8;    0.000;   0;   7.9;   8.4; 1002.93;    6.2;   88.04;    9.1;    1.8;    1.4;eor
       1975;20220205;   10;  16.3;   6.9;    3;  10.2;   6;    3.250;   0;   6.3;   6.8; 1008.81;    4.2;   82.67;    6.4;    1.2;    0.1;eor
       1975;20220206;   10;  17.1;   6.1;    3;  21.0;   8;    0.000;   0;   7.7;   8.2;  994.09;    5.4;   90.79;    7.3;    2.4;    1.4;eor
       1975;20220207;   10;  20.2;   6.7;    3;   0.0;   8;    5.617;   0;   4.2;   6.5; 1010.62;    4.4;   78.13;    6.8;    1.9;    0.2;eor
       1975;20220208;   10;  12.3;   5.8;    3;   8.1;   6;    0.000;   0;   7.9;   9.6; 1018.31;    7.3;   93.38;    9.0;    4.0;    3.4;eor
       1975;20220209;   10;  12.5;   5.7;    3;   2.2;   6;    0.000;   0;   7.6;  10.0; 1018.66;    8.2;   91.67;    9.3;    3.8;    1.6;eor
       1975;20220210;   10;  14.2;   3.1;    3;   2.6;   6;    0.400;   0;   7.7;   8.0; 1015.56;    5.5;   88.25;    7.6;    3.6;    1.8;eor
       1975;20220211;   10;  13.4;   3.7;    3;   0.4;   6;    1.900;   0;   3.8;   6.1; 1021.07;    2.7;   82.13;    5.8;   -2.8;   -5.3;eor
       1975;20220212;   10;  12.9;   4.4;    3;   0.0;   0;    7.317;   0;   5.4;   5.1; 1025.60;    1.6;   76.04;    5.4;   -2.6;   -5.7;eor
       1975;20220213;   10;  12.7;   6.3;    3;   0.0;   0;    6.067;   0;   7.2;   5.2; 1009.83;    4.5;   61.96;    8.1;    1.0;   -0.5;eor
       1975;20220214;   10;  17.0;   6.9;    3;   0.2;   6;    2.467;   0;   5.9;   7.8;  998.77;    9.0;   67.63;   12.9;    6.2;    4.3;eor
       1975;20220215;   10;  17.7;   7.3;    3;   4.1;   6;    0.550;   0;   7.2;   7.8; 1003.13;    6.9;   78.67;    8.7;    5.3;    4.3;eor
       1975;20220216;   10;  24.7;   7.7;    3;  17.3;   6;    0.000;   0;   7.7;  10.4;  988.86;    9.0;   90.50;   12.3;    5.5;    4.4;eor
       1975;20220217;   10;  28.5;  11.4;    3;  15.3;   8;    0.000;   0;   7.2;   7.7;  990.11;    7.2;   76.63;   10.8;    4.1;    3.3;eor
       1975;20220218;   10;  28.0;   8.3;    3;  14.5;   6;    0.000;   0;   7.2;   7.9;  992.77;    6.2;   82.21;   10.3;    3.7;    2.2;eor
       1975;20220219;   10;  27.8;   8.7;    3;   7.8;   8;    2.450;   0;   6.9;   6.7;  999.94;    4.4;   79.96;    6.5;    2.1;    1.2;eor
       1975;20220220;   10;  21.8;   6.9;    3;  18.0;   8;    0.000;   0;   8.0;   8.8;  996.49;    6.0;   92.42;   10.1;    2.8;    1.9;eor
       1975;20220221;   10;  21.9;   7.4;    3;   8.1;   8;    0.183;   0;   7.3;   7.4;  989.90;    4.7;   86.63;    9.5;    0.5;    0.0;eor
       1975;20220222;   10;  19.0;   7.5;    3;   2.3;   6;    0.717;   0;   6.5;   7.4; 1007.80;    6.0;   78.21;    7.9;    3.8;    2.3;eor
       1975;20220223;   10;  14.6;   6.1;    3;   0.0;   0;    4.833;   0;   4.8;   7.2; 1016.80;    7.3;   71.17;   10.2;    4.6;    0.9;eor
       1975;20220224;   10;  22.3;   7.9;    3;   2.6;   6;    0.900;   0;   7.3;   7.1; 1005.44;    6.9;   72.21;   10.5;    2.3;    0.9;eor
       1975;20220225;   10;  15.9;   7.2;    3;   3.3;   8;    1.250;   0;   6.3;   6.9; 1012.90;    4.3;   82.54;    6.2;    2.6;    1.2;eor
       1975;20220226;   10;   9.3;   2.7;    3;   0.0;   0;    8.750;   0;   0.4;   5.9; 1031.19;    4.6;   71.79;   10.3;   -0.9;   -4.0;eor
       1975;20220227;   10;  10.1;   3.6;    3;   0.0;   0;    9.667;   0;   0.3;   5.6; 1034.49;    2.9;   75.50;    8.1;   -1.8;   -5.0;eor
       1975;20220228;   10;  11.8;   4.9;    3;   0.0;   0;    9.583;   0;   0.3;   5.5; 1032.17;    2.3;   77.33;    7.3;   -1.2;   -4.5;eor
       1975;20220301;   10;   8.7;   3.6;    3;   0.0;   0;    5.333;   0;   4.8;   5.0; 1028.33;    2.7;   66.71;    7.1;   -1.2;   -3.0;eor
       1975;20220302;   10;   6.2;   1.8;    3;   0.0;   0;    9.767;   0;   3.2;   5.6; 1024.55;    3.3;   73.75;    8.9;   -1.8;   -3.7;eor
       1975;20220303;   10;   6.9;   2.5;    3;   0.0;   0;    3.900;   0;   4.8;   5.9; 1021.53;    0.5;   92.38;    5.8;   -2.5;   -5.1;eor
       1975;20220304;   10;   7.5;   2.8;    3;   0.0;   0;    3.083;   0;   6.3;   5.5; 1023.42;    1.0;   85.08;    5.8;   -2.1;   -3.6;eor
       1975;20220305;   10;   8.2;   2.9;    3;   0.0;   0;    5.133;   0;   3.7;   4.8; 1023.72;    1.1;   74.00;    6.4;   -3.0;   -6.5;eor
       1975;20220306;   10;   8.7;   2.1;    3;   0.0;   0;    4.783;   0;   4.4;   4.7; 1025.33;    1.4;   71.63;    5.6;   -3.3;   -6.8;eor
       1975;20220307;   10;   6.9;   1.6;    3;   0.0;   0;   10.100;   0;   0.8;   4.6; 1025.77;    1.4;   71.92;    9.0;   -5.5;   -8.3;eor
       1975;20220308;   10;   8.2;   2.4;    3;   0.0;   0;   10.217;   0;   0.9;   4.9; 1024.03;    3.7;   64.46;   10.3;   -3.1;   -7.3;eor
       1975;20220309;   10;   6.7;   2.7;    3;   0.0;   0;   10.450;   0;   0.0;   5.0; 1023.97;    5.2;   59.38;   12.4;   -2.2;   -6.2;eor
       1975;20220310;   10;  14.4;   5.6;    3;   0.0;   0;   10.617;   0;   1.6;   5.4; 1026.17;    6.3;   58.29;   12.5;    0.3;   -4.3;eor
       1975;20220311;   10;  16.1;   8.4;    3;   0.0;   0;   10.550;   0;   0.8;   3.4; 1021.94;    4.6;   41.67;    9.7;   -0.3;   -2.2;eor
       1975;20220312;   10;  15.1;   6.5;    3;   0.0;   0;    9.933;   0;   1.8;   3.2; 1019.41;    5.8;   34.79;   11.9;    0.2;   -1.9;eor
       1975;20220313;   10;  10.8;   5.3;    3;   0.0;   0;   10.850;   0;   0.8;   3.5; 1017.59;    6.1;   37.46;   12.0;    0.0;   -4.3;eor
       1975;20220314;   10;   7.2;   3.1;    3;   1.3;   6;    4.017;   0;   5.3;   6.6; 1021.89;    6.5;   65.96;    9.9;    1.3;   -4.2;eor
       1975;20220315;   10;   5.1;   1.6;    3;   1.5;   6;    0.000;   0;   7.3;   9.0; 1024.91;    6.8;   91.08;   11.2;    2.0;   -0.4;eor
       1975;20220316;   10;  10.1;   3.2;    3;   0.0;   0;    4.700;   0;   5.8;   7.9; 1025.75;    6.5;   82.63;   11.0;    0.8;   -0.9;eor
       1975;20220317;   10;  12.9;   5.1;    3;   2.7;   6;    1.450;   0;   5.8;   7.7; 1026.76;    5.9;   82.83;    8.7;   -1.2;   -4.8;eor
       1975;20220318;   10;   9.6;   1.7;    3;   0.0;   0;    8.167;   0;   1.6;   7.2; 1041.50;    5.6;   80.00;   14.0;   -2.9;   -5.8;eor
       1975;20220319;   10;  13.0;   4.6;    3;   0.0;   0;   11.000;   0;   0.5;   6.6; 1043.66;    5.0;   76.42;   11.1;   -2.2;   -4.9;eor
       1975;20220320;   10;  18.5;   7.6;    3;   0.0;   0;   11.217;   0;   0.1;   4.9; 1034.40;    7.1;   53.08;   12.9;    0.9;   -0.4;eor
       1975;20220321;   10;  10.3;   4.9;    3;   0.0;   0;   10.267;   0;   1.2;   4.7; 1031.66;    8.2;   43.75;   13.6;    3.3;   -0.9;eor
       1975;20220322;   10;   5.7;   1.9;    3;   0.0;   0;   10.517;   0;   4.6;   5.3; 1031.43;    9.7;   45.88;   17.8;    3.0;   -1.7;eor
       1975;20220323;   10;   8.9;   2.2;    3;   0.0;   0;   11.200;   0;   0.0;   6.5; 1030.19;    9.3;   58.13;   17.3;   -0.3;   -4.4;eor
       1975;20220324;   10;   4.1;   1.3;    3;   0.0;   0;   10.617;   0;   0.7;   6.8; 1028.22;    9.6;   59.88;   17.1;    1.5;   -2.2;eor
       1975;20220325;   10;   7.2;   2.1;    3;   0.0;   0;   10.917;   0;   2.2;   7.8; 1028.41;    8.9;   70.71;   17.0;    0.8;   -2.9;eor
       1975;20220326;   10;  11.7;   3.7;    3;   0.0;   0;    5.283;   0;   3.6;   8.9; 1028.51;    7.8;   83.92;   12.7;    2.2;   -2.2;eor
       1975;20220327;   10;   7.4;   2.8;    3;   0.0;   6;    8.367;   0;   4.0;   8.3; 1029.04;    6.6;   86.04;   13.5;    1.0;   -2.7;eor
       1975;20220328;   10;  11.3;   4.7;    3;   0.0;   6;    0.383;   0;   7.6;   8.1; 1020.06;    6.4;   84.29;    9.5;    4.4;    4.5;eor
       1975;20220329;   10;  11.7;   4.7;    3;   0.2;   6;    9.733;   0;   5.4;   6.4; 1010.06;    6.3;   67.88;   10.2;    2.8;   -0.4;eor
       1975;20220330;   10;   7.2;   1.8;    3;   8.4;   8;    0.683;   0;   7.6;   6.6; 1004.34;    4.2;   80.75;    7.6;    2.5;    1.0;eor
       1975;20220331;   10;  16.6;   6.7;    3;   3.6;   7;    3.617;   4;   7.7;   4.7; 1003.87;    2.2;   68.04;    5.6;   -1.0;    0.0;eor
       1975;20220401;   10;  15.6;   6.9;    3;   0.0;   0;    0.000;   1;   8.0;   4.5; 1009.48;    3.1;   59.04;    4.8;    1.2;    0.3;eor
       1975;20220402;   10;  12.3;   3.8;    3;   0.0;   0;    6.933;   0;   4.3;   4.1; 1016.34;    2.3;   57.88;    6.5;   -3.3;   -7.4;eor
       1975;20220403;   10;  15.3;   3.8;    3;   1.4;   8;    4.367;   0;   5.0;   5.7; 1016.27;    2.5;   78.08;    7.4;   -3.9;   -7.9;eor
       1975;20220404;   10;  19.9;   8.7;    3;   8.5;   6;    0.000;   0;   8.0;   7.4;  999.91;    4.6;   86.50;    7.8;    2.3;    1.5;eor
       1975;20220405;   10;  12.3;   4.0;    3;   9.0;   6;    1.867;   0;   7.6;   7.6;  999.05;    5.1;   86.83;    6.6;    3.6;    1.7;eor
       1975;20220406;   10;  16.6;   7.4;    3;   4.4;   6;    0.000;   0;   7.9;  10.2;  993.42;    8.9;   89.46;    9.9;    6.4;    6.3;eor
       1975;20220407;   10;  25.4;   8.3;    3;  13.0;   8;    2.183;   0;   7.2;   8.9;  979.55;    7.8;   83.63;   10.0;    5.2;    4.5;eor
       1975;20220408;   10;  15.6;   6.4;    3;   1.8;   8;    7.683;   0;   5.8;   6.7;  990.85;    5.9;   72.67;    9.9;    2.7;    0.7;eor
       1975;20220409;   10;  17.7;   6.5;    3;   3.9;   8;    6.200;   0;   4.2;   6.6; 1002.16;    4.6;   78.29;    8.4;    1.8;   -0.3;eor
       1975;20220410;   10;  17.0;   5.6;    3;   0.5;   8;    6.417;   0;   4.7;   6.6; 1013.80;    4.5;   79.04;    8.4;    0.6;   -2.2;eor
       1975;20220411;   10;  13.2;   3.1;    3;   0.0;   0;   11.367;   0;   4.3;   6.3; 1017.03;    6.1;   68.00;   11.7;    0.2;   -3.4;eor
       1975;20220412;   10;  13.7;   5.7;    3;   0.0;   0;    6.833;   0;   7.3;   6.7; 1014.29;   10.6;   54.13;   16.6;    3.6;    1.6;eor
       1975;20220413;   10;   8.9;   3.7;    3;   8.2;   6;    6.883;   0;   7.6;  10.1; 1014.05;   14.1;   61.71;   21.5;    9.6;    8.0;eor
       1975;20220414;   10;  11.5;   4.1;    3;   0.0;   6;    4.133;   0;   7.1;  11.3; 1017.95;   11.5;   83.38;   16.3;    7.9;    7.7;eor
       1975;20220415;   10;   8.4;   4.1;    3;   0.0;   0;    0.000;   0;   7.8;   9.1; 1025.60;    7.9;   85.13;    9.7;    4.5;    2.6;eor
       1975;20220416;   10;   9.8;   3.3;    3;   0.0;   0;   12.950;   0;   1.2;   6.4; 1033.67;    7.6;   63.29;   13.2;    1.0;   -1.4;eor
       1975;20220417;   10;   9.3;   2.8;    3;   0.0;   0;   12.833;   0;   1.8;   5.6; 1028.05;    9.0;   52.17;   15.9;    0.4;   -3.0;eor
       1975;20220418;   10;   7.9;   2.8;    3;   0.0;   0;   13.067;   0;   2.5;   6.7; 1019.31;   10.1;   55.75;   16.4;    2.5;   -1.9;eor
       1975;20220419;   10;  11.0;   3.8;    3;   0.0;   0;   12.683;   0;   2.7;   7.0; 1016.25;    9.2;   62.92;   15.2;    1.7;   -0.3;eor
       1975;20220420;   10;  10.3;   4.0;    3;   0.0;   0;   11.983;   0;   3.5;   7.5; 1017.07;    9.6;   64.42;   15.9;    1.9;   -1.3;eor
       1975;20220421;   10;  12.9;   4.3;    3;   0.0;   0;    6.750;   0;   4.8;   8.2; 1014.07;    9.5;   69.83;   15.7;    3.8;    1.2;eor
       1975;20220422;   10;  13.4;   5.1;    3;   0.0;   0;    8.200;   0;   3.6;   9.3; 1010.36;   10.1;   75.21;   15.3;    5.4;    4.3;eor
       1975;20220423;   10;  13.7;   5.8;    3;   0.0;   0;   12.867;   0;   0.6;   8.2; 1009.38;   10.7;   66.33;   16.5;    5.3;    4.4;eor
       1975;20220424;   10;  14.9;   6.0;    3;   0.0;   0;   10.517;   0;   4.1;   8.3; 1006.93;    8.3;   76.13;   11.7;    4.9;    3.9;eor
       1975;20220425;   10;   9.9;   4.3;    3;   0.0;   0;   13.433;   0;   2.4;   7.6; 1011.36;    9.5;   64.75;   14.6;    3.2;    0.8;eor
       1975;20220426;   10;   8.7;   2.7;    3;   0.0;   0;   10.583;   0;   3.0;   7.3; 1016.05;    9.7;   62.88;   16.2;    1.5;   -2.4;eor
       1975;20220427;   10;   9.3;   3.1;    3;   0.0;   0;    9.600;   0;   3.5;   7.6; 1023.73;    8.7;   68.54;   13.7;    2.5;   -0.8;eor
       1975;20220428;   10;   9.6;   2.6;    3;   0.0;   0;   13.033;   0;   1.8;   7.8; 1027.77;    9.0;   70.21;   16.6;    1.0;   -2.9;eor
       1975;20220429;   10;   8.7;   2.7;    3;   0.0;   0;    8.333;   0;   6.6;   7.7; 1027.25;    7.7;   74.92;   13.2;    1.5;   -1.5;eor
       1975;20220430;   10;   8.2;   3.0;    3;   0.0;   0;    9.400;   0;   5.8;   7.8; 1023.52;    8.7;   71.75;   14.4;    0.9;   -2.2;eor
       1975;20220501;   10;   7.0;   2.2;    3;   0.0;   0;    5.317;   0;   6.0;   8.1; 1021.91;    9.6;   69.92;   13.9;    3.1;   -0.5;eor
       1975;20220502;   10;   9.6;   2.6;    3;   0.0;   0;   12.200;   0;   3.3;   7.4; 1018.33;   10.5;   60.75;   16.4;    2.6;   -1.1;eor
       1975;20220503;   10;  11.1;   3.3;    3;   0.0;   6;    7.817;   0;   3.8;   8.1; 1016.63;    8.3;   74.92;   13.6;    2.0;   -2.0;eor
       1975;20220504;   10;  10.6;   2.5;    3;   0.0;   0;   11.450;   0;   4.3;   7.5; 1017.10;    8.2;   71.00;   14.7;    1.3;   -2.8;eor
       1975;20220505;   10;   7.7;   2.6;    3;   0.0;   0;   13.200;   0;   4.6;   8.5; 1020.36;    9.6;   72.08;   16.8;    0.4;   -3.6;eor
       1975;20220506;   10;   7.5;   2.2;    3;   0.0;   0;    7.950;   0;   5.0;  10.3; 1022.26;   12.8;   72.04;   20.4;    3.4;    0.7;eor
       1975;20220507;   10;   8.6;   3.2;    3;   0.0;   6;    2.167;   0;   5.8;  11.3; 1021.53;   13.2;   74.75;   17.7;    6.2;    3.4;eor
       1975;20220508;   10;   9.3;   2.7;    3;   0.0;   0;   14.150;   0;   1.3;   8.3; 1025.71;   10.1;   70.50;   17.6;    2.1;   -3.1;eor
       1975;20220509;   10;   8.9;   3.0;    3;   0.0;   0;   14.117;   0;   2.8;   8.0; 1024.66;   13.9;   54.67;   21.6;    3.4;   -1.0;eor
       1975;20220510;   10;  15.3;   4.0;    3;   3.6;   6;    4.267;   0;   6.6;  12.1; 1014.46;   16.2;   67.38;   24.5;    9.3;    6.5;eor
       1975;20220511;   10;  15.9;   3.8;    3;   0.5;   6;    6.267;   0;   6.2;  12.6; 1007.65;   15.3;   74.67;   22.3;   10.0;    8.9;eor
       1975;20220512;   10;  14.7;   5.4;    3;   0.0;   0;    6.000;   0;   4.9;  10.8; 1012.54;   13.7;   69.88;   18.7;    9.5;    6.8;eor
       1975;20220513;   10;  12.9;   4.2;    3;   0.6;   6;    1.550;   0;   6.7;  11.0; 1014.60;   12.3;   76.88;   16.2;    8.4;    4.3;eor
       1975;20220514;   10;  13.0;   5.0;    3;   0.0;   0;    8.150;   0;   4.5;  10.8; 1017.80;   13.6;   71.21;   18.4;    6.3;    1.8;eor
       1975;20220515;   10;   9.3;   2.1;    3;   0.0;   0;   12.950;   0;   1.9;   9.4; 1019.99;   13.7;   64.88;   21.3;    4.1;    0.3;eor
       1975;20220516;   10;  10.8;   4.5;    3;   9.3;   6;   12.200;   0;   4.9;  11.4; 1016.16;   16.9;   60.21;   24.6;    9.8;    6.9;eor
       1975;20220517;   10;   6.7;   2.1;    3;   2.6;   6;    3.117;   0;   6.4;  15.6; 1018.63;   15.6;   88.04;   19.5;   13.2;   12.2;eor
       1975;20220518;   10;  10.3;   4.6;    3;   0.0;   0;   10.517;   0;   7.1;  14.9; 1019.91;   20.3;   61.83;   28.0;   12.5;   11.1;eor
       1975;20220519;   10;  15.4;   3.5;    3;   5.7;   6;    8.283;   0;   7.3;  17.3; 1015.88;   21.6;   70.08;   29.2;   16.8;   14.4;eor
       1975;20220520;   10;  16.1;   4.1;    3;   6.2;   6;    6.983;   0;   7.2;  13.5; 1014.36;   16.0;   75.50;   21.0;   11.4;   10.8;eor
       1975;20220521;   10;  16.6;   6.7;    3;   2.5;   6;    6.783;   0;   6.0;  11.9; 1014.64;   13.2;   78.46;   16.9;   10.6;    9.3;eor
       1975;20220522;   10;   7.4;   2.6;    3;   0.0;   0;    7.500;   0;   5.2;  11.1; 1014.29;   14.1;   70.83;   19.1;    9.5;    7.7;eor
       1975;20220523;   10;  14.4;   6.1;    3;   4.0;   6;   13.167;   0;   5.5;  12.0; 1003.37;   17.8;   60.42;   23.1;   10.3;    7.8;eor
       1975;20220524;   10;  14.2;   4.8;    3;   1.2;   6;    3.800;   0;   6.7;  13.3; 1001.83;   14.5;   80.42;   18.8;    9.8;    5.4;eor
       1975;20220525;   10;  15.4;   4.7;    3;   0.2;   6;    9.233;   0;   5.5;  11.3; 1010.82;   14.3;   71.29;   20.0;    8.8;    7.0;eor
       1975;20220526;   10;  16.6;   6.1;    3;   4.0;   6;    3.967;   0;   6.8;  12.3; 1013.51;   14.2;   76.96;   18.0;   11.8;   11.7;eor
       1975;20220527;   10;  18.9;   7.3;    3;   8.0;   6;    9.617;   0;   4.3;  10.3; 1012.69;   12.1;   73.25;   14.9;    8.2;    7.0;eor
       1975;20220528;   10;  19.5;   6.6;    3;   4.5;   6;    5.200;   0;   6.4;  10.3; 1012.20;   10.3;   82.63;   13.8;    7.4;    6.3;eor
       1975;20220529;   10;   9.1;   3.6;    3;   0.2;   6;    0.033;   0;   7.5;  11.0; 1009.15;   10.7;   85.29;   13.3;    8.9;    8.3;eor
       1975;20220530;   10;   7.5;   2.2;    3;   0.2;   6;    1.050;   0;   6.2;   9.6; 1011.03;   10.2;   77.79;   13.9;    4.9;    1.3;eor
       1975;20220531;   10;   4.6;   1.3;    3;   0.0;   6;    8.117;   0;   6.7;   9.2; 1012.64;   11.9;   68.75;   17.3;    3.3;    0.4;eor
       1975;20220601;   10;  10.8;   2.5;    3;  12.1;   6;    3.117;   0;   7.2;  11.6; 1011.93;   11.4;   86.17;   16.9;    7.3;    5.8;eor
       1975;20220602;   10;  10.5;   3.5;    3;   0.5;   6;    6.867;   0;   4.2;  11.0; 1018.48;   11.5;   81.79;   16.8;    6.0;    1.3;eor
       1975;20220603;   10;   6.7;   1.6;    3;   0.0;   0;   15.383;   0;   1.5;  10.4; 1019.40;   14.6;   66.42;   22.2;    3.8;    0.2;eor
       1975;20220604;   10;   8.7;   2.6;    3;   0.0;   0;   14.900;   0;   0.1;  11.8; 1020.35;   15.3;   70.38;   21.7;    7.7;    5.5;eor
       1975;20220605;   10;   9.8;   3.7;    3;   6.1;   6;   11.117;   0;   3.7;  13.1; 1015.74;   17.4;   68.21;   23.8;    8.6;    4.5;eor
       1975;20220606;   10;  14.4;   6.1;    3;   0.9;   6;    6.467;   0;   6.8;  14.6; 1010.04;   17.7;   73.13;   22.4;   12.3;   11.6;eor
       1975;20220607;   10;  14.7;   5.4;    3;   0.0;   6;    1.383;   0;   6.6;  12.8; 1009.16;   14.5;   77.83;   18.3;    9.2;    5.2;eor
       1975;20220608;   10;   8.2;   2.4;    3;   1.4;   6;    7.433;   0;   5.4;  13.6; 1006.14;   16.6;   74.13;   23.3;    7.8;    2.9;eor
       1975;20220609;   10;  12.3;   4.6;    3;   0.0;   6;    6.267;   0;   6.1;  14.9; 1010.22;   16.4;   80.67;   20.8;   10.8;    6.0;eor
       1975;20220610;   10;  11.8;   3.4;    3;   0.4;   6;    9.800;   0;   4.3;  14.3; 1018.87;   17.1;   74.88;   23.1;    8.9;    3.5;eor
       1975;20220611;   10;  12.3;   3.4;    3;   0.0;   0;   10.900;   0;   3.9;  14.8; 1018.95;   18.5;   70.67;   22.7;   11.3;    7.6;eor
       1975;20220612;   10;  13.7;   3.7;    3;   0.2;   6;   12.667;   0;   2.7;  12.4; 1018.44;   16.4;   68.71;   23.5;    9.3;    4.8;eor
       1975;20220613;   10;  14.4;   4.9;    3;   5.2;   6;   10.233;   0;   4.2;  11.6; 1017.61;   13.6;   75.42;   17.9;    9.4;    5.7;eor
       1975;20220614;   10;  10.5;   3.2;    3;   0.0;   6;    5.983;   0;   7.0;  11.2; 1020.33;   14.1;   70.88;   19.1;    9.5;    6.4;eor
       1975;20220615;   10;   7.7;   2.2;    3;   0.0;   0;   11.467;   0;   5.4;  12.0; 1018.38;   16.6;   65.50;   22.3;   11.0;    9.7;eor
       1975;20220616;   10;  10.3;   3.7;    3;   0.0;   0;    9.967;   0;   5.9;  11.9; 1019.80;   16.0;   67.08;   21.8;    9.8;    5.4;eor
       1975;20220617;   10;   6.5;   2.4;    3;   0.0;   6;    6.800;   0;   5.8;  12.4; 1020.75;   18.2;   62.21;   24.2;    7.9;    3.5;eor
       1975;20220618;   10;  11.0;   4.3;    3;   0.0;   0;   13.917;   0;   1.7;  14.8; 1013.65;   19.9;   63.29;   24.5;   12.8;   11.1;eor
       1975;20220619;   10;  10.3;   3.3;    3;   0.9;   6;    0.500;   0;   7.3;  13.5; 1009.89;   14.4;   82.75;   18.5;   11.5;    9.9;eor
       1975;20220620;   10;  15.3;   4.1;    3;   4.8;   6;    7.317;   0;   4.9;  12.0; 1011.15;   13.7;   78.04;   19.1;    8.6;    5.0;eor
       1975;20220621;   10;   9.4;   3.3;    3;   0.0;   0;   13.200;   0;   3.1;  12.8; 1012.85;   15.9;   73.04;   22.0;    9.2;    4.6;eor
       1975;20220622;   10;   8.2;   2.5;    3;   0.0;   0;   15.333;   0;   1.1;  13.3; 1012.20;   16.3;   73.58;   23.6;    6.9;    1.9;eor
       1975;20220623;   10;   9.6;   3.2;    3;   0.0;   0;   15.567;   0;   0.0;  15.0; 1012.05;   21.1;   64.42;   29.9;   10.9;    7.3;eor
       1975;20220624;   10;  13.5;   4.1;    3;   0.4;   6;    9.483;   0;   3.5;  18.0; 1005.70;   22.7;   67.17;   31.6;   17.2;   14.0;eor
       1975;20220625;   10;   9.4;   2.1;    3;   0.0;   0;    8.717;   0;   5.4;  18.0; 1009.75;   22.3;   70.67;   29.3;   15.2;   12.1;eor
       1975;20220626;   10;  10.3;   3.5;    3;   3.5;   6;    9.867;   0;   7.4;  18.7; 1012.65;   22.6;   69.88;   28.3;   17.4;   14.6;eor
       1975;20220627;   10;  11.3;   3.4;    3;   4.0;   6;    0.000;   0;   7.9;  17.8; 1013.68;   17.3;   90.21;   19.5;   15.1;   13.7;eor
       1975;20220628;   10;   8.1;   2.6;    3;   0.0;   0;   10.433;   0;   3.8;  14.3; 1018.87;   18.6;   69.67;   24.3;   12.9;   11.2;eor
       1975;20220629;   10;  11.3;   4.4;    3;   0.0;   0;   13.217;   0;   4.8;  14.1; 1015.05;   21.5;   57.88;   28.8;   12.6;   10.3;eor
       1975;20220630;   10;  11.1;   3.6;    3;   8.1;   6;   12.383;   0;   2.3;  17.0; 1010.75;   22.1;   65.33;   29.1;   13.8;   11.2;eor
       1975;20220701;   10;  10.6;   3.2;    3;   9.3;   6;    0.950;   0;   6.9;  16.7; 1014.10;   16.8;   87.33;   22.5;   11.5;    7.8;eor
       1975;20220702;   10;  10.1;   2.9;    3;   0.0;   6;   12.400;   0;   3.3;  13.0; 1019.32;   18.7;   64.04;   25.1;   10.0;    6.0;eor
       1975;20220703;   10;  13.0;   3.4;    3;   0.3;   6;    9.967;   0;   5.5;  14.5; 1014.87;   20.6;   61.96;   27.8;   13.7;   11.6;eor
       1975;20220704;   10;  11.3;   4.0;    3;   0.0;   0;   11.183;   0;   2.4;  13.9; 1016.71;   17.0;   72.96;   22.6;   11.3;    6.7;eor
       1975;20220705;   10;  10.3;   4.1;    3;   0.6;   6;    8.350;   0;   5.2;  12.3; 1018.97;   16.1;   68.42;   21.2;   11.2;    6.4;eor
       1975;20220706;   10;  12.2;   4.3;    3;   9.7;   6;    4.533;   0;   7.6;  12.8; 1019.51;   15.5;   73.42;   19.6;   13.0;   12.5;eor
       1975;20220707;   10;  15.6;   5.9;    3;   1.1;   6;    1.650;   0;   7.4;  15.0; 1015.80;   16.3;   81.71;   19.4;   14.0;   13.9;eor
       1975;20220708;   10;  15.1;   5.7;    3;   0.6;   6;    8.417;   0;   5.8;  13.9; 1024.85;   16.2;   75.50;   20.7;   13.8;   12.2;eor
       1975;20220709;   10;  15.6;   5.7;    3;   0.1;   6;    5.017;   0;   6.9;  13.8; 1021.66;   16.4;   74.17;   21.5;   13.0;   12.1;eor
       1975;20220710;   10;  13.7;   5.9;    3;   0.0;   0;    7.983;   0;   5.1;  11.3; 1019.53;   15.2;   66.04;   18.9;    8.9;    4.7;eor
       1975;20220711;   10;   8.7;   3.1;    3;   0.0;   4;   13.417;   0;   2.7;  13.2; 1020.49;   15.9;   74.33;   22.7;    7.6;    3.3;eor
       1975;20220712;   10;   7.9;   2.3;    3;   0.0;   6;    9.633;   0;   5.8;  15.5; 1021.95;   18.2;   75.46;   24.6;    9.3;    6.6;eor
       1975;20220713;   10;  13.2;   4.5;    3;   0.0;   0;    9.050;   0;   5.4;  16.0; 1016.56;   20.9;   65.54;   27.3;   11.9;   10.2;eor
       1975;20220714;   10;  12.0;   4.1;    3;   0.0;   6;    8.483;   0;   4.9;  11.9; 1016.96;   15.4;   69.25;   19.8;    9.2;    5.6;eor
       1975;20220715;   10;  14.4;   4.8;    3;   2.3;   6;    6.167;   0;   7.0;  11.8; 1017.62;   15.9;   66.17;   19.9;   12.5;   10.9;eor
       1975;20220716;   10;  14.6;   5.9;    3;   0.0;   0;    6.617;   0;   6.4;  12.1; 1019.17;   15.5;   69.58;   19.4;   11.4;    8.4;eor
       1975;20220717;   10;   9.8;   3.3;    3;   0.0;   0;    9.433;   0;   4.7;  12.3; 1024.62;   16.5;   66.79;   22.0;   10.1;    6.8;eor
       1975;20220718;   10;   8.4;   2.1;    3;   0.0;   0;    8.867;   0;   5.5;  14.0; 1020.94;   20.4;   62.83;   28.7;   11.4;    9.1;eor
       1975;20220719;   10;   7.2;   2.4;    3;   0.0;   0;   14.833;   0;   0.5;  13.4; 1017.13;   25.4;   48.42;   34.4;   12.6;   10.9;eor
       1975;20220720;   10;  12.2;   4.3;    3;   0.0;   6;   14.433;   0;   1.2;  15.7; 1014.15;   27.1;   46.79;   39.1;   19.1;   15.4;eor
       1975;20220721;   10;  12.3;   3.4;    3;   1.2;   6;    3.883;   0;   6.4;  19.0; 1014.44;   20.5;   79.42;   25.8;   17.8;   16.5;eor
       1975;20220722;   10;   9.8;   4.3;    3;   0.0;   6;    1.283;   0;   7.8;  14.4; 1016.59;   17.0;   74.54;   20.0;   15.1;   14.7;eor
       1975;20220723;   10;  11.3;   3.9;    3;   0.0;   6;    2.750;   0;   6.1;  12.9; 1016.88;   16.0;   71.50;   19.6;    9.8;    6.6;eor
       1975;20220724;   10;  13.2;   3.2;    3;   0.0;   0;   14.367;   0;   3.2;  14.8; 1015.75;   20.7;   64.08;   29.7;    8.8;    5.3;eor
       1975;20220725;   10;  15.6;   4.6;    3;  16.2;   6;    6.867;   0;   7.0;  16.8; 1006.91;   23.0;   63.33;   33.1;   16.4;   14.9;eor
       1975;20220726;   10;  13.4;   5.1;    3;   0.2;   6;    6.417;   0;   6.7;  14.1; 1011.83;   16.8;   73.88;   19.9;   13.1;   10.7;eor
       1975;20220727;   10;  12.3;   4.7;    3;   0.0;   6;    5.333;   0;   6.1;  11.3; 1016.51;   15.1;   66.75;   19.1;    9.6;    6.8;eor
       1975;20220728;   10;   5.7;   1.5;    3;   0.0;   0;    5.033;   0;   6.5;  10.9; 1018.76;   14.9;   66.63;   20.8;    7.4;    4.5;eor
       1975;20220729;   10;   9.3;   3.3;    3;   0.0;   0;    7.450;   0;   7.9;  13.5; 1016.90;   18.5;   65.25;   26.0;   11.1;    8.4;eor
       1975;20220730;   10;   7.4;   2.4;    3;   0.0;   6;    3.750;   0;   7.1;  16.8; 1015.41;   19.6;   74.46;   25.1;   15.8;   14.8;eor
       1975;20220731;   10;   7.7;   2.2;    3;   6.6;   6;    2.300;   0;   7.2;  17.2; 1013.38;   19.1;   79.75;   25.5;   13.8;   11.0;eor
       1975;20220801;   10;  10.6;   4.4;    3;   0.0;   0;    9.683;   0;   5.3;  15.2; 1014.33;   17.6;   76.00;   21.6;    9.7;    6.7;eor
       1975;20220802;   10;   8.9;   2.3;    3;   0.0;   6;   10.517;   0;   5.3;  13.5; 1015.41;   18.4;   66.38;   25.7;    7.9;    5.1;eor
       1975;20220803;   10;  12.2;   3.5;    3;   0.0;   0;   13.850;   0;   4.5;  18.9; 1012.60;   25.0;   61.88;   31.5;   17.5;   14.9;eor
       1975;20220804;   10;  14.7;   3.7;    3;   4.7;   6;   10.750;   0;   6.6;  20.0; 1011.09;   24.9;   68.58;   36.1;   17.7;   15.3;eor
       1975;20220805;   10;  14.6;   3.1;    3;   2.4;   6;    3.150;   0;   5.5;  15.6; 1015.13;   16.4;   83.33;   19.8;   12.3;    9.6;eor
       1975;20220806;   10;  12.5;   3.4;    3;   0.0;   6;   12.067;   0;   2.2;  11.8; 1024.15;   15.5;   69.17;   21.3;   10.0;    7.1;eor
       1975;20220807;   10;  10.5;   2.1;    3;   0.0;   0;   11.200;   0;   2.5;  11.8; 1023.65;   16.0;   68.79;   23.0;    7.8;    5.1;eor
       1975;20220808;   10;   7.0;   2.3;    3;   0.0;   0;    5.783;   0;   5.2;  13.6; 1024.13;   17.0;   72.21;   23.4;    9.8;    7.3;eor
       1975;20220809;   10;   8.2;   1.9;    3;   0.0;   0;   10.633;   0;   1.9;  14.3; 1026.78;   18.2;   70.96;   25.6;    9.6;    7.2;eor
       1975;20220810;   10;   7.2;   1.9;    3;   0.0;   0;   13.683;   0;   2.6;  14.2; 1025.68;   20.1;   63.92;   27.3;   11.2;    8.4;eor
       1975;20220811;   10;   8.6;   2.5;    3;   0.0;   0;   13.900;   0;   0.2;  14.1; 1022.27;   22.1;   56.79;   29.9;   13.7;   11.6;eor
       1975;20220812;   10;   8.7;   2.5;    3;   0.0;   0;   13.833;   0;   0.0;  14.2; 1019.47;   22.8;   55.17;   31.1;   13.6;   11.8;eor
       1975;20220813;   10;  11.7;   3.2;    3;   0.0;   0;    9.467;   0;   3.0;  15.5; 1016.76;   23.8;   55.08;   31.4;   15.1;   12.4;eor
       1975;20220814;   10;  11.1;   3.7;    3;   0.0;   0;    7.833;   0;   7.7;  18.2; 1009.53;   24.4;   60.00;   31.1;   19.4;   17.0;eor
       1975;20220815;   10;  11.1;   3.1;    3;   0.5;   6;   10.217;   0;   3.5;  18.7; 1002.82;   24.0;   64.63;   32.2;   16.6;   14.7;eor
       1975;20220816;   10;  11.8;   3.0;    3;   0.0;   6;    7.967;   0;   5.6;  18.9; 1006.03;   23.5;   67.46;   29.6;   18.0;   15.4;eor
       1975;20220817;   10;  10.3;   2.7;    3;   2.2;   6;    5.917;   0;   6.5;  18.9; 1009.70;   22.7;   71.54;   29.4;   15.1;   13.4;eor
       1975;20220818;   10;   8.4;   3.1;    3;   0.0;   0;    6.433;   0;   6.0;  19.6; 1010.05;   20.7;   81.08;   26.9;   16.5;   14.5;eor
       1975;20220819;   10;   6.2;   3.1;    3;   0.0;   0;    1.350;   0;   7.4;  19.1; 1010.98;   19.3;   85.75;   23.3;   15.2;   12.9;eor
       1975;20220820;   10;  10.8;   3.2;    3;   0.0;   0;    8.550;   0;   5.6;  15.6; 1013.60;   19.2;   71.58;   24.3;   11.8;    8.5;eor
       1975;20220821;   10;  10.3;   2.4;    3;   0.9;   6;   10.867;   0;   4.7;  13.9; 1013.99;   18.3;   69.75;   25.8;    9.9;    7.3;eor
       1975;20220822;   10;   8.2;   3.0;    3;   0.0;   6;    5.967;   0;   6.5;  16.3; 1015.13;   20.4;   69.42;   26.2;   15.5;   15.1;eor
       1975;20220823;   10;  10.6;   4.5;    3;   0.0;   0;   11.317;   0;   3.0;  14.3; 1016.39;   22.9;   52.79;   28.7;   18.2;   16.6;eor
       1975;20220824;   10;   9.9;   3.9;    3;   0.0;   0;   13.150;   0;   0.3;  16.1; 1018.73;   22.6;   60.92;   29.4;   16.4;   13.4;eor
       1975;20220825;   10;   8.9;   3.5;    3;   0.0;   0;    7.650;   0;   4.5;  19.2; 1017.10;   21.9;   74.92;   29.0;   16.1;   14.5;eor
       1975;20220826;   10;  12.3;   3.0;    3;   0.6;   6;    3.933;   0;   6.8;  21.4; 1012.38;   22.3;   80.13;   28.1;   18.9;   17.8;eor
       1975;20220827;   10;   9.4;   4.6;    3;   0.0;   6;    4.917;   0;   5.6;  17.2; 1013.13;   18.6;   81.04;   24.4;   13.9;   11.8;eor
       1975;20220828;   10;  12.2;   4.6;    3;   0.0;   6;    4.833;   0;   5.0;  13.8; 1016.14;   16.7;   73.83;   21.0;   11.8;    9.1;eor
       1975;20220829;   10;   8.2;   3.3;    3;   0.0;   6;    3.433;   0;   7.3;  15.5; 1019.04;   17.8;   76.75;   21.4;   13.6;   12.4;eor
       1975;20220830;   10;   9.9;   3.3;    3;   0.0;   0;    5.267;   0;   4.6;  13.0; 1021.67;   16.6;   69.50;   22.2;    8.8;    5.7;eor
       1975;20220831;   10;   8.7;   2.5;    3;   0.0;   0;    9.150;   0;   2.1;  11.2; 1023.10;   15.9;   65.75;   24.2;    7.4;    3.8;eor
       1975;20220901;   10;   9.3;   3.1;    3;   0.0;   0;   11.250;   0;   0.9;  11.4; 1022.20;   16.1;   65.58;   23.4;   10.0;    5.5;eor
       1975;20220902;   10;  11.3;   4.0;    3;   0.0;   0;   10.333;   0;   2.9;  11.0; 1018.49;   17.0;   59.38;   23.3;    9.4;    6.3;eor
       1975;20220903;   10;  14.6;   5.7;    3;   0.0;   0;   11.267;   0;   3.7;   9.9; 1016.14;   17.8;   50.08;   23.6;   13.2;   10.7;eor
       1975;20220904;   10;  12.2;   4.4;    3;   0.0;   0;   11.883;   0;   4.8;  11.5; 1019.49;   18.9;   54.25;   25.2;   10.8;    7.8;eor
       1975;20220905;   10;  13.2;   5.5;    3;   0.0;   0;    4.117;   0;   6.3;  12.8; 1021.38;   19.6;   56.00;   24.6;   15.9;   14.2;eor
       1975;20220906;   10;  10.8;   4.6;    3;   0.0;   6;    2.000;   0;   6.5;  10.9; 1017.33;   17.3;   55.38;   21.0;   13.9;   11.8;eor
       1975;20220907;   10;   6.9;   2.9;    3;   1.9;   6;    4.633;   0;   7.3;  14.5; 1011.75;   18.0;   69.92;   23.7;   13.7;   12.8;eor
       1975;20220908;   10;   7.7;   2.5;    3;  23.2;   6;    0.000;   0;   7.0;  14.9; 1007.20;   14.6;   89.79;   17.4;   12.4;    9.5;eor
       1975;20220909;   10;   9.4;   3.0;    3;  15.6;   6;    3.950;   0;   7.3;  16.0; 1007.50;   15.7;   89.54;   21.3;   12.7;   10.5;eor
       1975;20220910;   10;   8.9;   1.7;    3;   1.0;   6;    3.683;   0;   7.2;  16.1; 1010.47;   16.1;   88.13;   20.8;   13.3;   12.1;eor
       1975;20220911;   10;   8.6;   2.4;    3;   0.0;   0;    4.517;   0;   6.8;  15.1; 1015.96;   15.8;   85.04;   20.9;   11.0;    8.8;eor
       1975;20220912;   10;   6.3;   2.6;    3;   1.2;   6;    7.667;   0;   6.3;  13.9; 1013.45;   16.6;   75.42;   22.0;    8.6;    6.2;eor
       1975;20220913;   10;  14.4;   4.5;    3;   0.0;   6;    5.600;   0;   7.0;  14.2; 1006.08;   16.9;   74.25;   21.0;   13.4;   10.8;eor
       1975;20220914;   10;   9.1;   3.0;    3;   0.3;   6;    2.983;   0;   6.3;  12.8; 1003.17;   14.6;   78.17;   18.8;    9.7;    7.3;eor
       1975;20220915;   10;  14.9;   4.1;    3;   5.3;   6;    5.417;   0;   5.9;  12.6; 1001.86;   13.6;   81.46;   17.7;   10.4;    8.6;eor
       1975;20220916;   10;  15.8;   5.3;    3;  11.4;   6;    4.717;   0;   5.4;  12.2; 1001.31;   11.7;   88.42;   15.7;    9.8;    8.5;eor
       1975;20220917;   10;  16.3;   4.9;    3;   4.7;   6;    4.017;   0;   6.9;  11.6; 1003.68;   11.9;   83.71;   15.4;   10.3;    8.4;eor
       1975;20220918;   10;  17.1;   4.3;    3;   5.2;   6;    5.367;   0;   6.6;  10.4; 1005.45;   10.1;   84.54;   14.0;    8.5;    6.7;eor
       1975;20220919;   10;  13.4;   3.0;    3;  14.4;   6;    7.067;   0;   5.0;  11.3; 1012.28;   11.4;   84.25;   17.7;    6.4;    4.1;eor
       1975;20220920;   10;   7.5;   2.0;    3;   0.0;   0;   10.167;   0;   0.7;   9.6; 1019.40;   10.2;   79.58;   16.7;    4.6;    2.0;eor
       1975;20220921;   10;   4.6;   1.1;    3;   0.0;   0;    9.983;   0;   2.8;   9.4; 1024.42;   10.5;   77.54;   18.2;    3.9;    1.8;eor
       1975;20220922;   10;   7.2;   1.9;    3;   0.0;   0;    7.550;   0;   3.3;   9.7; 1021.65;   11.7;   73.25;   18.0;    4.4;    2.1;eor
       1975;20220923;   10;   6.2;   2.6;    3;   0.0;   6;    3.983;   0;   8.0;  10.0; 1014.58;   12.8;   68.96;   17.9;    7.4;    3.5;eor
       1975;20220924;   10;   5.1;   2.0;    3;   7.3;   6;    0.000;   0;   7.8;  13.4; 1010.95;   12.4;   93.13;   13.8;   10.7;    9.3;eor
       1975;20220925;   10;   6.2;   2.2;    3;   3.5;   6;    0.667;   0;   6.5;  12.7; 1009.64;   11.5;   93.17;   14.2;    6.7;    3.8;eor
       1975;20220926;   10;  14.1;   5.9;    3;  13.5;   6;    0.233;   0;   7.8;  11.2;  997.84;   10.8;   86.25;   13.1;    7.5;    5.6;eor
       1975;20220927;   10;   8.7;   3.3;    3;   9.4;   6;    0.000;   0;   7.8;  11.6;  991.48;   10.3;   92.42;   11.9;    8.2;    7.6;eor
       1975;20220928;   10;   7.2;   1.9;    3;   0.0;   0;    4.717;   0;   5.9;   9.6;  994.79;    8.6;   86.88;   13.2;    5.5;    3.0;eor
       1975;20220929;   10;   6.2;   2.2;    3;   1.3;   6;    0.200;   0;   7.3;  10.3; 1000.38;    8.5;   92.25;   11.7;    3.1;    0.8;eor
       1975;20220930;   10;   9.8;   3.9;    3;   1.9;   6;    7.917;   0;   3.9;  10.4; 1006.53;   11.4;   78.58;   16.1;    6.4;    3.2;eor
       1975;20221001;    3;  16.1;   5.2;    3;  18.3;   6;    2.617;   0;   6.0;  11.9; 1001.44;   11.8;   85.67;   15.9;    9.6;    8.1;eor
       1975;20221002;    3;  12.7;   4.2;    3;  11.4;   6;    5.300;   0;   4.6;  12.4; 1011.89;   12.4;   86.33;   16.4;    9.3;    6.8;eor
       1975;20221003;    3;  12.7;   3.8;    3;   0.1;   6;    2.300;   0;   5.5;  13.0; 1021.02;   12.7;   88.33;   16.2;    8.1;    5.7;eor
       1975;20221004;    3;   9.8;   3.2;    3;   0.0;   0;    5.867;   0;   6.6;  12.2; 1017.86;   12.9;   83.00;   17.8;    8.8;    6.1;eor
       1975;20221005;    3;  16.1;   6.3;    3;   0.0;   6;    0.000;   0;   7.8;  13.1; 1011.95;   15.3;   74.83;   17.6;   12.3;   10.7;eor
       1975;20221006;    3;  14.7;   5.6;    3;   0.0;   0;    9.583;   0;   1.4;  10.8; 1022.13;   13.6;   70.04;   16.9;    8.6;    4.8;eor
       1975;20221007;    3;  12.7;   5.1;    3;   0.0;   6;    7.850;   0;   4.2;  10.5; 1019.09;   12.5;   72.96;   17.1;    6.5;    2.3;eor
       1975;20221008;    3;  14.9;   4.5;    3;   1.9;   6;    5.867;   0;   4.5;  10.9; 1015.47;   11.5;   80.33;   16.0;    6.3;    3.4;eor
       1975;20221009;    3;   7.2;   2.9;    3;   0.0;   0;    8.667;   0;   4.0;  10.0; 1021.60;   10.3;   81.33;   15.4;    5.2;    1.7;eor
       1975;20221010;    3;  14.9;   4.5;    3;   0.7;   6;    7.433;   0;   3.0;  10.3; 1013.81;   10.9;   79.42;   17.0;    6.3;    4.2;eor
       1975;20221011;    3;   9.6;   2.4;    3;   0.0;   6;    5.217;   0;   3.6;  10.3; 1022.67;    9.7;   86.54;   15.1;    5.0;    1.8;eor
       1975;20221012;    3;   8.2;   2.4;    3;   0.0;   6;    9.700;   0;   2.9;   9.7; 1022.04;   10.4;   78.33;   16.1;    4.6;    1.6;eor
       1975;20221013;    3;   7.7;   2.6;    3;   1.6;   6;    0.750;   0;   7.6;  11.8; 1014.97;   11.5;   85.83;   15.3;    6.3;    2.9;eor
       1975;20221014;    3;   6.5;   2.8;    3;   2.9;   6;    1.283;   0;   7.7;  13.6; 1009.78;   13.5;   88.21;   15.2;   12.2;   11.6;eor
       1975;20221015;    3;   9.3;   4.0;    3;   0.4;   6;    3.833;   0;   7.3;  14.2; 1004.62;   14.6;   85.63;   18.0;   11.9;   10.5;eor
       1975;20221016;    3;  15.9;   4.8;    3;   0.4;   6;    7.417;   0;   6.3;  12.3; 1012.46;   13.6;   79.33;   18.2;    9.3;    6.7;eor
       1975;20221017;    3;   8.2;   3.3;    3;  14.2;   6;    2.350;   0;   7.7;  15.5; 1018.58;   15.1;   89.08;   20.2;   11.0;    9.0;eor
       1975;20221018;    3;  12.0;   3.3;    3;   0.0;   6;    3.833;   0;   6.7;  13.1; 1023.90;   13.4;   85.17;   16.2;   10.7;    9.2;eor
       1975;20221019;    3;   8.7;   2.7;    3;   0.0;   0;    7.650;   0;   5.1;   9.9; 1025.95;   10.5;   78.08;   14.5;    5.4;    3.2;eor
       1975;20221020;    3;  14.2;   5.6;    3;   5.8;   6;    7.867;   0;   5.4;   9.3; 1016.50;    9.3;   79.92;   13.4;    4.9;    2.7;eor
       1975;20221021;    3;   6.7;   2.8;    3;   0.9;   6;    3.583;   0;   7.0;  13.7; 1007.32;   12.7;   92.08;   16.7;    9.0;    7.3;eor
       1975;20221022;    3;   9.8;   2.9;    3;   0.5;   6;    4.733;   0;   7.3;  14.9; 1010.32;   14.7;   89.54;   19.4;   11.1;    7.8;eor
       1975;20221023;    3;  10.1;   3.4;    3;   1.2;   6;    3.183;   0;   7.6;  13.8; 1010.12;   13.5;   89.29;   17.0;    8.5;    6.2;eor
       1975;20221024;    3;  14.7;   6.0;    3;   0.0;   6;    4.617;   0;   4.9;  13.8; 1004.43;   15.2;   80.58;   19.0;   11.8;    9.8;eor
       1975;20221025;    3;  12.3;   4.0;    3;   0.0;   6;    3.433;   0;   6.7;  13.0; 1011.38;   13.3;   85.00;   16.5;   10.1;    6.1;eor
       1975;20221026;    3;   6.2;   2.7;    3;   0.0;   4;    8.117;   0;   5.5;  12.7; 1015.38;   12.6;   87.00;   17.7;    7.6;    4.7;eor
       1975;20221027;    3;   7.2;   3.4;    3;   0.0;   6;    2.783;   0;   7.5;  14.7; 1020.02;   14.8;   87.29;   19.3;   10.8;    6.8;eor
       1975;20221028;    3;  11.5;   3.0;    3;   0.0;   6;    6.183;   0;   5.1;  15.5; 1015.95;   16.9;   81.13;   21.4;   11.6;    9.4;eor
       1975;20221029;    3;   6.5;   2.1;    3;   0.0;   6;    0.983;   0;   7.8;  15.3; 1017.78;   14.7;   90.96;   17.7;   11.0;    7.6;eor
       1975;20221030;    3;   4.6;   1.5;    3;   0.0;   0;    7.483;   0;   5.9;  14.7; 1015.27;   14.2;   91.38;   20.0;    9.0;    6.5;eor
       1975;20221031;    3;   9.9;   2.2;    3;   0.0;   4;    0.450;   0;   7.6;  13.6; 1017.55;   12.3;   94.71;   14.4;    8.1;    6.3;eor
       1975;20221101;    3;  14.2;   5.7;    3;   0.0;   6;    3.933;   0;   4.2;  12.3; 1011.75;   14.1;   76.92;   17.2;   10.7;    8.0;eor
       1975;20221102;    3;  14.7;   6.0;    3;   0.1;   6;    2.933;   0;   5.0;   9.8; 1014.48;   11.3;   73.58;   13.7;    6.8;    3.5;eor
       1975;20221103;    3;  11.7;   5.7;    3;   0.3;   6;    0.183;   0;   7.8;   9.6; 1007.93;   10.2;   76.71;   13.9;    7.0;    4.8;eor
       1975;20221104;    3;  12.3;   4.2;    3;   0.0;   6;    2.217;   0;   6.8;  10.5; 1003.11;   10.3;   84.00;   12.9;    4.8;    0.6;eor
       1975;20221105;    3;  10.3;   4.3;    3;   0.0;   6;    7.200;   0;   3.3;   9.0; 1012.52;    8.1;   84.00;   12.0;    2.7;   -1.0;eor
       1975;20221106;    3;  12.9;   6.4;    3;   0.7;   6;    2.300;   0;   7.7;   9.3; 1008.77;   10.4;   73.71;   13.7;    8.6;    7.3;eor
       1975;20221107;    3;  14.4;   7.2;    3;   0.3;   6;    0.850;   0;   7.4;  11.3; 1006.38;   12.0;   80.13;   13.6;    9.4;    8.6;eor
       1975;20221108;    3;  11.7;   5.7;    3;   0.0;   6;    3.117;   0;   7.6;  11.2; 1005.78;   13.9;   70.58;   15.8;   11.3;    9.3;eor
       1975;20221109;    3;  13.4;   5.6;    3;   0.8;   6;    4.133;   0;   7.3;  11.3; 1005.50;   13.3;   74.33;   15.5;   10.6;    8.8;eor
       1975;20221110;    3;  11.5;   5.5;    3;   0.0;   0;    0.333;   0;   6.8;  11.4; 1018.16;   11.7;   83.42;   13.8;    8.0;    6.2;eor
       1975;20221111;    3;  11.3;   4.7;    3;   0.0;   0;    0.000;   0;   8.0;  11.1; 1026.24;   11.0;   84.21;   12.3;    9.1;    8.1;eor
       1975;20221112;    3;   4.8;   1.9;    3;   0.0;   0;    5.217;   0;   4.7;   9.5; 1029.92;    8.4;   86.50;   13.8;    4.2;   -0.1;eor
       1975;20221113;    3;  10.8;   3.9;    3;   0.0;   0;    0.117;   0;   8.0;   9.3; 1025.25;    6.9;   92.75;    9.4;    2.9;    0.7;eor
       1975;20221114;    3;  11.3;   5.3;    3;   0.0;   0;    3.067;   0;   4.2;   8.9; 1015.03;    7.4;   86.54;    9.3;    5.1;    2.2;eor
       1975;20221115;    3;   9.4;   3.3;    3;   0.0;   6;    0.750;   0;   6.5;   9.7; 1007.35;    8.2;   89.13;   11.6;    3.5;    0.2;eor
       1975;20221116;    3;  12.9;   6.5;    3;   0.7;   6;    0.000;   0;   8.0;   9.0; 1003.03;    6.9;   89.71;    8.7;    5.4;    4.4;eor
       1975;20221117;    3;  18.2;   8.6;    3;   9.5;   8;    0.000;   0;   7.8;   6.7;  998.47;    4.0;   83.00;    5.5;    1.5;    0.6;eor
       1975;20221118;    3;  10.8;   4.6;    3;   0.0;   8;    0.000;   0;   4.6;   5.2; 1006.51;    0.6;   80.96;    2.2;   -3.0;   -6.2;eor
       1975;20221119;    3;   5.7;   2.2;    3;   0.0;   8;    6.017;   0;   6.0;   5.2; 1012.86;   -0.4;   86.83;    4.1;   -6.2;   -8.2;eor
       1975;20221120;    3;   7.2;   2.2;    3;   0.1;   8;    0.117;   0;   7.1;   5.8; 1007.33;    0.9;   88.58;    2.5;   -2.9;   -4.9;eor
       1975;20221121;    3;   8.4;   3.0;    3;   0.0;   8;    5.717;   0;   3.6;   4.9; 1001.27;   -1.4;   88.58;    2.7;   -4.6;   -7.3;eor
       1975;20221122;    3;  10.6;   5.2;    3;   1.3;   8;    0.000;   0;   7.5;   5.9;  996.80;    0.5;   92.04;    2.1;   -1.7;   -2.1;eor
       1975;20221123;    3;   8.2;   4.5;    3;   1.2;   6;    0.467;   0;   5.8;   7.9;  998.98;    4.8;   90.92;    8.1;    1.8;    1.0;eor
       1975;20221124;    3;   6.7;   2.8;    3;   0.0;   6;    0.250;   0;   5.5;   8.7; 1007.13;    6.0;   92.54;    9.5;    3.2;   -1.0;eor
       1975;20221125;    3;   7.7;   2.7;    3;   2.1;   6;    0.000;   0;   7.6;   9.0; 1013.75;    5.9;   96.00;    8.4;    3.2;    1.5;eor
       1975;20221126;    3;   6.7;   2.5;    3;   0.9;   6;    0.000;   0;   6.6;   9.1; 1025.03;    5.8;   98.50;    7.4;    1.9;   -1.0;eor
       1975;20221127;    3;   9.4;   3.7;    3;   0.1;   6;    1.283;   0;   6.0;   7.9; 1020.65;    4.8;   91.63;    6.1;    2.2;    0.1;eor
       1975;20221128;    3;  11.7;   5.1;    3;   2.5;   6;    0.000;   0;   7.5;   7.4; 1011.99;    4.9;   85.71;    5.6;    4.3;    3.5;eor
       1975;20221129;    3;   6.5;   3.2;    3;   0.1;   6;    0.000;   0;   7.9;   7.5; 1017.20;    4.2;   90.33;    4.7;    3.6;    3.0;eor
       1975;20221130;    3;   5.1;   2.8;    3;   0.2;   6;    0.000;   0;   7.8;   7.7; 1023.52;    4.2;   93.71;    4.7;    3.9;    3.5;eor
       1975;20221201;    3;   8.4;   2.8;    3;   0.6;   7;    0.000;   0;   7.9;   6.7; 1027.15;    2.8;   89.13;    4.0;    0.8;    0.7;eor
       1975;20221202;    3;   9.6;   3.0;    3;   0.0;   7;    0.000;   1;   7.8;   6.0; 1026.20;    1.4;   88.96;    3.3;    0.2;   -0.1;eor
       1975;20221203;    3;   9.8;   4.1;    3;   0.0;   0;    0.033;   0;   8.0;   5.3; 1023.13;    1.0;   80.92;    2.7;   -0.7;   -1.1;eor
       1975;20221204;    3;  10.3;   4.3;    3;   0.0;   6;    0.000;   0;   8.0;   6.1; 1020.21;    2.0;   85.50;    4.4;   -0.6;   -0.8;eor
       1975;20221205;    3;   9.8;   2.6;    3;   5.6;   6;    0.000;   0;   7.6;   7.3; 1017.37;    3.3;   94.29;    4.9;    2.1;    1.9;eor
       1975;20221206;    3;   6.7;   2.8;    3;   0.3;   6;    0.000;   0;   7.5;   7.1; 1014.11;    2.8;   94.96;    4.2;    0.0;   -2.1;eor
       1975;20221207;    3;  10.1;   3.0;    3;   1.8;   8;    0.750;   0;   7.4;   6.1; 1008.48;    1.8;   87.17;    4.4;   -1.2;   -3.3;eor
       1975;20221208;    3;   7.5;   2.0;    3;   4.4;   8;    0.000;   0;   7.2;   6.2; 1003.69;    0.7;   96.50;    2.0;   -2.2;   -5.3;eor
       1975;20221209;    3;   6.2;   2.9;    3;   0.0;   0;    3.683;   0;   5.0;   5.6; 1005.57;   -0.1;   92.42;    2.3;   -2.1;   -5.4;eor
       1975;20221210;    3;   5.1;   2.2;    3;   0.0;   8;    0.000;   0;   7.9;   4.7; 1009.29;   -1.4;   85.63;   -0.6;   -2.5;   -2.7;eor
       1975;20221211;    3;   4.1;   1.7;    3;   0.0;   8;    5.217;   0;   5.6;   4.2; 1009.83;   -2.4;   81.54;   -0.4;   -6.3;   -7.4;eor
       1975;20221212;    3;   3.1;   1.0;    3;   0.0;   0;    4.717;   1;   3.1;   3.8; 1011.18;   -5.3;   93.13;   -2.1;   -8.5;  -11.1;eor
       1975;20221213;    3;   6.2;   2.1;    3;   0.0;   7;    0.133;   1;   5.7;   4.1; 1009.50;   -3.8;   88.63;   -0.2;   -8.0;  -10.0;eor
       1975;20221214;    3;   5.7;   2.3;    3;   0.0;   7;    6.600;   1;   0.6;   3.4; 1002.64;   -5.3;   82.33;   -1.2;   -8.2;  -13.1;eor
       1975;20221215;    3;   7.2;   2.6;    3;   0.2;   8;    0.617;   1;   5.8;   4.2; 1004.63;   -3.1;   86.29;    1.0;   -8.2;  -12.6;eor
       1975;20221216;    3;   3.1;   1.2;    3;   0.0;   0;    0.667;   1;   6.3;   4.5; 1014.14;   -3.1;   92.92;   -1.2;   -6.4;  -10.8;eor
       1975;20221217;    3;   7.5;   1.9;    3;   0.0;   0;    6.583;   1;   1.0;   3.8; 1023.78;   -4.9;   88.67;    0.4;   -9.1;  -13.4;eor
       1975;20221218;    3;  12.9;   4.4;    3;   0.0;   8;    4.167;   1;   4.4;   3.5; 1027.02;   -4.5;   79.50;   -2.1;   -7.5;  -12.4;eor
       1975;20221219;    3;  12.2;   6.2;    3;   6.5;   6;    0.000;   1;   7.9;   6.8; 1014.98;    2.7;   87.79;    8.0;   -2.6;   -3.7;eor
       1975;20221220;    3;  13.4;   6.1;    3;   6.2;   6;    0.000;   0;   7.8;  10.2; 1008.95;    9.3;   87.00;   11.7;    7.0;    4.9;eor
       1975;20221221;    3;   9.4;   3.2;    3;   0.1;   6;    0.000;   0;   7.4;   9.8; 1006.54;    7.2;   96.00;    9.1;    4.5;    1.5;eor
       1975;20221222;    3;   8.6;   3.5;    3;   3.1;   6;    2.183;   0;   7.5;   9.4; 1001.06;    6.9;   93.58;    8.8;    4.0;    1.8;eor
       1975;20221223;    3;   5.1;   2.0;    3;   3.9;   6;    0.000;   0;   7.8;   8.9; 1001.74;    5.7;   97.17;    6.5;    4.2;    3.9;eor
       1975;20221224;    3;   6.0;   2.5;    3;   2.7;   6;    0.000;   0;   7.4;   8.9; 1007.48;    5.6;   96.63;    8.4;    4.1;    1.5;eor
       1975;20221225;    3;   6.3;   2.6;    3;   5.3;   6;    0.000;   0;   7.4;   8.9; 1011.03;    5.5;   97.96;    7.2;    1.8;   -1.5;eor
       1975;20221226;    3;  16.6;   4.4;    3;   1.1;   6;    0.000;   0;   6.9;   8.9; 1008.06;    6.6;   90.33;    9.6;    3.4;    1.6;eor
       1975;20221227;    3;  12.5;   5.5;    3;   3.1;   6;    2.783;   0;   5.7;   7.0; 1016.73;    4.2;   85.29;    6.2;    2.9;    1.1;eor
       1975;20221228;    3;  15.3;   7.7;    3;   7.7;   6;    0.000;   0;   7.5;   9.2; 1005.91;    7.1;   90.54;    8.7;    4.8;    3.8;eor
       1975;20221229;    3;  17.0;   7.0;    3;   4.3;   6;    1.033;   0;   7.3;   9.9;  998.41;    8.9;   86.29;   10.8;    5.5;    3.0;eor
       1975;20221230;    3;  17.5;   7.0;    3;   4.1;   6;    2.517;   0;   6.3;   8.6; 1003.28;    7.4;   82.46;   10.5;    4.9;    3.4;eor
       1975;20221231;    3;  16.6;   6.1;    3;  11.0;   6;    0.150;   0;   7.6;  13.0; 1001.24;   12.4;   89.88;   15.4;   10.1;    8.4;eor
       1975;20230101;    3;  18.7;   7.7;    3;   0.9;   6;    3.233;   0;   7.4;  10.2; 1008.95;   13.3;   67.42;   15.7;   10.0;    8.4;eor
       1975;20230102;    3;  16.3;   5.5;    3;   2.8;   6;    0.000;   0;   7.4;  10.9; 1011.43;    9.9;   88.92;   13.1;    6.0;    4.2;eor
       1975;20230103;    3;   9.8;   3.8;    3;   3.4;   6;    4.150;   0;   4.8;   7.4; 1023.00;    5.0;   84.83;    6.6;    2.3;    0.7;eor
       1975;20230104;    3;  17.5;   7.9;    3;  12.3;   6;    0.000;   0;   7.8;  10.5; 1007.62;    9.4;   88.29;   11.6;    6.3;    4.7;eor
       1975;20230105;    3;  18.0;   6.0;    3;   1.4;   6;    1.617;   0;   7.1;   8.9; 1011.91;    7.5;   85.63;   10.0;    3.3;    1.0;eor
       1975;20230106;    3;  12.5;   4.8;    3;   2.7;   6;    1.433;   0;   6.8;   9.4; 1012.83;    7.6;   89.71;   10.0;    3.4;   -0.3;eor
       1975;20230107;    3;  10.3;   4.9;    3;   0.0;   6;    0.050;   0;   7.8;   9.9; 1009.76;    8.9;   86.54;   11.2;    3.6;   -0.2;eor
       1975;20230108;    3;   9.8;   4.8;    3;   3.9;   6;    2.433;   0;   6.3;   9.0;  999.21;    8.6;   80.79;   10.5;    4.2;    0.8;eor
       1975;20230109;    3;   9.6;   3.3;    3;   2.3;   6;    1.033;   0;   7.2;   8.8;  996.00;    6.3;   92.08;    7.3;    3.9;    1.2;eor
       1975;20230110;    3;  14.7;   5.5;    3;   4.9;   6;    0.000;   0;   7.2;   8.2; 1010.45;    6.0;   87.38;    7.3;    4.3;    2.7;eor
       1975;20230111;    3;  16.6;   6.2;    3;   2.1;   6;    1.183;   0;   6.4;   9.6; 1004.58;    8.0;   88.88;    9.9;    5.5;    3.2;eor
       1975;20230112;    3;  19.9;   7.7;    3;  11.2;   6;    0.017;   0;   7.6;  10.5;  999.48;    9.2;   90.21;   10.6;    7.4;    6.1;eor
       1975;20230113;    3;  17.0;   7.9;    3;   5.2;   6;    0.183;   0;   6.4;   8.8;  998.99;    7.8;   83.21;   10.4;    6.6;    5.1;eor
       1975;20230114;    3;  16.3;   7.3;    3;   9.4;   6;    0.000;   0;   7.3;   9.1; 1000.70;    7.1;   88.96;   10.4;    5.5;    4.1;eor
       1975;20230115;    3;  23.1;   8.9;    3;   1.7;   6;    1.917;   0;   6.8;   7.3;  992.05;    5.9;   78.50;    7.0;    4.6;    3.1;eor
       1975;20230116;    3;  12.9;   6.2;    3;   2.5;   6;    1.467;   0;   7.6;   6.9;  985.40;    4.9;   79.17;    5.8;    3.6;    2.5;eor
       1975;20230117;    3;-999;-999;    3;   1.3;   4;    2.867;   0;   4.1;   6.2;  980.77;    2.5;   84.71;    4.1;   -1.5;   -3.6;eor
       1975;20230118;    3;-999;-999;    3;   0.0;   4;    5.617;   0;   3.9;   5.0;  992.18;    0.1;   80.79;    2.6;   -2.7;   -6.2;eor
       1975;20230119;    3;-999;-999;    3;   0.1;   4;    0.167;   0;   7.8;   6.1;  999.12;    1.9;   86.75;    3.9;   -1.1;   -3.4;eor
       1975;20230120;    3;-999;-999;    3;   0.0;   4;    2.517;   0;   7.8;   5.6; 1014.46;    0.8;   86.71;    3.6;   -1.3;   -3.0;eor
       1975;20230121;    3;-999;-999;    3;   0.0;   0;    1.783;   0;   6.8;   6.0; 1029.31;    1.4;   88.21;    4.1;    0.1;   -1.6;eor
       1975;20230122;    3;-999;-999;    3;   0.0;   4;    0.000;   0;   8.0;   6.0; 1031.50;    2.6;   81.46;    4.3;    1.0;    0.6;eor
       1975;20230123;    3;-999;-999;    3;   0.0;   4;    0.000;   0;   8.0;   6.6; 1036.85;    2.6;   89.13;    3.6;    1.7;    1.2;eor
       1975;20230124;    3;-999;-999;    3;   0.0;   0;    0.000;   0;   8.0;   5.7; 1038.54;    1.7;   82.50;    2.5;    0.1;    0.0;eor
       1975;20230125;    3;-999;-999;    3;   0.0;   4;    0.000;   0;   8.0;   5.1; 1030.03;   -1.3;   91.08;    0.2;   -2.4;   -2.1;eor
       1975;20230126;    3;-999;-999;    3;   0.0;   4;    0.000;   0;   8.0;   6.4; 1021.21;    0.9;   96.63;    4.6;   -1.8;   -1.7;eor
       1975;20230127;    3;-999;-999;    3;   0.0;   4;    0.550;   0;   7.8;   6.3; 1026.11;    2.7;   83.96;    4.4;    0.3;   -1.4;eor
       1975;20230128;    3;   7.7;   2.6;    3;   0.6;   8;    3.817;   0;   7.0;   5.4; 1026.81;    0.9;   83.29;    2.6;   -3.0;   -4.8;eor
       1975;20230129;    3;  14.7;   5.8;    3;   4.3;   6;    0.000;   0;   7.9;   7.1; 1018.80;    3.2;   92.75;    4.0;    2.2;    1.4;eor
       1975;20230130;    3;  21.4;   8.2;    3;   4.9;   6;    1.067;   0;   6.1;   7.4; 1006.48;    5.2;   83.38;    6.7;    2.5;    1.4;eor
       1975;20230131;    3;  23.1;   6.7;    3;  13.9;   6;    0.000;   0;   6.8;   7.6; 1011.12;    4.9;   87.17;    7.7;    2.4;    0.3;eor
       1975;20230201;    3;  17.8;   7.2;    3;   8.1;   6;    0.617;   0;   7.1;   7.3; 1006.62;    5.2;   83.13;    6.5;    3.0;    1.9;eor
       1975;20230202;    3;  15.6;   5.2;    3;   6.7;   6;    4.700;   0;   6.7;   7.5; 1015.57;    5.4;   83.25;    8.3;    3.0;    0.2;eor
       1975;20230203;    3;  23.1;   9.3;    3;   7.8;   6;    0.067;   0;   7.6;   8.5; 1014.53;    7.0;   84.46;    8.4;    2.9;    1.0;eor
       1975;20230204;    3;   6.2;   2.3;    3;   0.0;   0;    4.317;   0;   6.8;   5.7; 1034.64;    1.8;   81.71;    5.2;   -1.8;   -4.0;eor
       1975;20230205;    3;   8.6;   3.1;    3;   0.0;   8;    0.000;   0;   7.0;   5.3; 1035.48;    0.4;   84.04;    2.7;   -2.7;   -4.8;eor
       1975;20230206;    3;   5.1;   1.6;    3;   0.0;   0;    3.533;   0;   3.2;   5.5; 1039.23;   -0.6;   93.92;    3.7;   -4.4;   -6.2;eor
       1975;20230207;    3;   5.1;   1.7;    3;   0.0;   0;    8.350;   0;   2.3;   4.9; 1039.71;   -1.6;   89.38;    2.5;   -5.9;   -8.5;eor
       1975;20230208;    3;  10.3;   3.7;    3;   0.0;   0;    8.233;   0;   2.4;   4.2; 1036.73;   -0.4;   72.88;    5.0;   -4.9;   -7.7;eor
       1975;20230209;    3;  11.0;   4.6;    3;   0.0;   6;    3.150;   0;   6.8;   4.7; 1028.55;    0.7;   73.04;    3.4;   -3.9;   -6.5;eor
       1975;20230210;    3;  13.2;   5.1;    3;   0.0;   6;    1.133;   0;   7.7;   7.1; 1029.64;    4.7;   83.58;    7.7;    2.4;    0.8;eor
       1975;20230211;    3;  14.2;   6.0;    3;   0.1;   6;    0.000;   0;   7.9;   9.6; 1027.48;    7.1;   94.83;    8.2;    5.5;    4.5;eor
       1975;20230212;    3;   8.7;   2.7;    3;   0.3;   6;    0.000;   0;   7.9;   9.8; 1035.38;    7.1;   97.54;    8.1;    6.2;    5.7;eor
       1975;20230213;    3;   4.6;   1.7;    3;   0.0;   0;    0.000;   0;   8.0;   8.1; 1035.83;    6.2;   84.88;    7.3;    5.1;    4.4;eor
       1975;20230214;    3;   6.5;   2.4;    3;   0.0;   0;    7.233;   0;   3.9;   7.7; 1032.70;    6.3;   81.21;   10.7;    2.9;   -1.0;eor
       1975;20230215;    3;   5.7;   2.5;    3;   0.0;   0;    3.400;   0;   7.5;   7.6; 1024.32;    4.0;   94.38;    8.4;    1.2;   -2.5;eor
       1975;20230216;    3;   8.2;   3.8;    3;   2.0;   6;    0.000;   0;   7.3;   8.2; 1018.48;    5.5;   90.13;    8.0;    0.6;   -2.7;eor
       1975;20230217;    3;  23.5;   8.2;    3;   4.6;   6;    0.000;   0;   7.5;  10.2; 1010.21;    9.1;   87.25;   12.0;    6.6;    4.8;eor
       1975;20230218;    3;  16.3;   3.9;    3;  13.3;   6;    0.250;   0;   7.4;   8.3; 1011.46;    5.6;   91.04;    9.6;    3.2;    1.4;eor
       1975;20230219;    3;  10.3;   3.4;    3;   0.1;   6;    7.650;   0;   6.1;   6.9; 1017.69;    4.6;   82.13;    8.0;    2.0;    0.1;eor
       1975;20230220;    3;  18.0;   8.0;    3;  10.3;   6;    0.000;   0;   7.7;   9.5; 1011.90;    8.1;   87.21;   10.3;    5.0;    4.2;eor
       1975;20230221;    3;  11.0;   4.7;    3;   0.4;   6;    0.700;   0;   7.7;   9.7; 1013.27;    8.2;   89.21;   10.4;    7.2;    6.3;eor
       1975;20230222;    3;   9.8;   3.7;    3;   0.0;   0;    0.567;   0;   7.8;  10.2; 1012.05;    8.7;   90.96;   11.4;    7.1;    5.3;eor
       1975;20230223;    3;  10.8;   3.6;    3;   1.1;   6;    0.000;   0;   7.6;   8.6; 1010.56;    6.5;   87.67;    8.1;    3.4;    1.2;eor
       1975;20230224;    3;  15.6;   6.2;    3;   3.5;   8;    0.917;   0;   7.4;   6.9;  999.51;    4.2;   84.17;    6.8;    2.2;    1.5;eor
       1975;20230225;    3;  17.7;   6.1;    3;   0.1;   8;    2.633;   0;   6.1;   5.0; 1005.21;    1.9;   71.75;    4.4;   -2.1;   -4.5;eor
       1975;20230226;    3;   7.7;   3.0;    3;   0.0;   0;    4.883;   0;   2.6;   4.6; 1021.73;   -0.1;   77.00;    4.9;   -4.7;   -7.3;eor
       1975;20230227;    3;   6.9;   1.8;    3;   0.0;   0;    5.750;   0;   4.3;   5.0; 1028.53;    0.9;   77.46;    6.7;   -6.2;   -8.0;eor
       1975;20230228;    3;   5.0;   1.2;    3;   0.0;   0;    9.517;   0;   1.8;   4.7; 1030.30;    2.5;   67.33;    7.9;   -2.9;   -5.7;eor
       1975;20230301;    3;   7.2;   2.0;    3;   0.0;   0;    6.200;   0;   6.1;   5.8; 1027.93;    1.4;   85.54;    7.0;   -3.2;   -5.6;eor
       1975;20230302;    3;   5.1;   1.8;    3;   0.0;   0;    0.000;   0;   6.8;   6.0; 1024.58;    0.4;   95.83;    3.0;   -2.4;   -5.3;eor
       1975;20230303;    3;  12.5;   3.7;    3;   0.0;   6;    0.017;   0;   7.8;   6.5; 1021.56;    2.4;   89.29;    6.0;   -1.7;   -2.5;eor
       1975;20230304;    3;  13.4;   6.7;    3;   0.0;   8;    0.300;   0;   7.8;   6.1; 1016.75;    4.9;   69.83;    6.7;    2.3;    0.8;eor
       1975;20230305;    3;  13.5;   3.8;    3;   3.0;   8;    1.983;   0;   7.4;   5.9; 1009.75;    2.2;   83.17;    5.4;    0.0;   -0.7;eor
       1975;20230306;    3;  11.7;   2.9;    3;   1.6;   8;    3.450;   2;   7.3;   5.5; 1000.79;    1.6;   81.54;    5.3;   -3.1;   -5.1;eor
       1975;20230307;    3;  18.5;   6.9;    3;   0.7;   8;    4.400;   0;   4.8;   5.6;  990.81;    2.3;   77.79;    5.6;   -1.8;   -4.7;eor
       1975;20230308;    3;   7.2;   2.8;    3;   0.0;   8;    1.033;   0;   6.9;   5.1;  994.78;    0.7;   80.17;    3.8;   -3.1;   -6.7;eor
       1975;20230309;    3;   7.2;   2.9;    3;   0.8;   8;    3.167;   0;   8.0;   5.3;  995.65;    1.4;   78.88;    4.5;   -1.2;   -2.0;eor
       1975;20230310;    3;  10.5;   4.6;    3;   8.1;   8;    0.000;   0;   7.7;   6.0;  990.15;    0.7;   93.79;    1.9;   -0.1;   -0.2;eor
       1975;20230311;    3;  18.7;   4.7;    3;   1.1;   8;    7.533;   4;   4.6;   5.6; 1004.25;    1.3;   85.25;    5.9;   -2.1;   -4.5;eor
       1975;20230312;    3;  11.8;   4.0;    3;   5.2;   6;    0.500;   0;   7.5;   6.6; 1005.74;    2.3;   90.38;    6.9;   -1.6;   -3.9;eor
       1975;20230313;    3;  20.1;   7.4;    3;   2.7;   6;    2.917;   0;   6.7;  10.6;  990.88;   11.5;   78.83;   16.4;    6.6;    5.4;eor
       1975;20230314;    3;  19.2;   7.2;    3;   5.1;   8;    1.483;   0;   6.1;   7.9;  991.42;    6.6;   77.75;   11.4;    0.6;   -0.6;eor
       1975;20230315;    3;  19.0;   4.2;    3;   1.9;   8;    6.867;   1;   3.8;   5.9; 1012.26;    2.3;   82.13;    7.0;   -2.1;   -5.3;eor
       1975;20230316;    3;  15.3;   6.1;    3;   0.0;   0;    6.067;   0;   7.4;   4.9; 1015.82;    4.6;   61.29;    9.8;   -2.3;   -5.5;eor
       1975;20230317;    3;  10.3;   5.1;    3;   0.1;   6;    7.633;   0;   7.9;   6.9; 1007.47;   10.0;   56.58;   16.8;    4.2;    2.5;eor
       1975;20230318;    3;   9.6;   3.0;    3;   0.1;   6;    2.683;   0;   7.3;  10.6; 1008.41;   11.7;   76.75;   16.1;    9.2;    6.2;eor
       1975;20230319;    3;   8.1;   2.4;    3;   0.1;   6;    1.800;   0;   6.7;  10.9; 1011.96;   10.9;   84.79;   16.2;    6.8;    3.2;eor
       1975;20230320;    3;   9.6;   3.5;    3;   0.4;   6;    0.050;   0;   7.7;   9.5; 1014.62;    8.1;   87.75;   10.8;    6.9;    6.6;eor
       1975;20230321;    3;   8.9;   4.1;    3;   2.7;   6;    0.000;   0;   7.8;  10.9; 1010.85;    9.0;   94.58;   10.5;    7.2;    6.6;eor
       1975;20230322;    3;  15.9;   7.0;    3;   4.3;   6;    0.400;   0;   7.7;  10.4; 1003.83;   11.1;   78.58;   13.6;    8.5;    6.8;eor
       1975;20230323;    3;  17.8;   5.7;    3;  17.2;   6;    1.917;   0;   7.3;  11.1;  999.95;   11.1;   84.13;   13.9;    8.3;    6.8;eor
       1975;20230324;    3;  18.0;   6.8;    3;   4.1;   6;    4.883;   0;   5.5;  10.0;  996.88;   11.4;   75.25;   14.8;    8.0;    6.3;eor
       1975;20230325;    3;  16.1;   5.8;    3;  15.6;   6;    1.250;   0;   7.4;   9.6;  997.21;    8.2;   87.92;   10.4;    6.2;    5.9;eor
       1975;20230326;    3;  12.3;   5.0;    3;   0.0;   6;    5.733;   0;   5.5;   6.7; 1002.22;    6.2;   70.08;    9.4;    1.1;   -1.7;eor
       1975;20230327;    3;  19.2;   5.2;    3;   3.2;   8;    7.350;   0;   4.3;   5.7; 1012.61;    2.7;   77.00;    6.8;   -0.2;   -2.7;eor
       1975;20230328;    3;  11.8;   3.3;    3;   0.1;   6;    5.083;   0;   4.8;   5.6; 1020.25;    3.6;   71.96;    7.7;   -3.3;   -5.5;eor
       1975;20230329;    3;  10.1;   3.8;    3;   0.3;   6;    0.017;   0;   7.7;   8.4; 1011.92;    7.4;   80.54;   10.8;    3.4;    0.8;eor
       1975;20230330;    3;  16.3;   5.0;    3;  10.6;   6;    2.417;   0;   7.5;  11.4; 1001.64;   11.4;   85.13;   15.6;    8.7;    7.4;eor
       1975;20230331;    3;   8.7;   3.6;    3;   7.1;   6;    0.000;   0;   7.7;  11.6;  994.92;   10.7;   90.13;   12.5;    9.8;    8.4;eor
       1975;20230401;    3;  15.1;   6.6;    3;   1.9;   6;    0.000;   0;   7.5;   8.7; 1001.14;    6.1;   89.17;   10.0;    1.1;   -0.2;eor
       1975;20230402;    1;  14.9;   5.4;    1;   0.0;   0;   10.767;   0;   2.0;   5.3; 1023.25;    3.7;   67.25;    8.0;   -1.0;   -3.5;eor
       1975;20230403;    1;   9.3;   2.7;    1;   0.0;   0;   10.450;   0;   1.2;   4.9; 1031.91;    2.7;   68.92;    8.6;   -3.6;   -6.7;eor
       1975;20230404;    1;   6.2;   1.5;    1;   0.0;   0;    9.733;   0;   5.6;   4.3; 1027.58;    2.4;   62.50;    8.1;   -2.8;   -5.4;eor
       1975;20230405;    1;   7.2;   1.6;    1;   0.0;   6;    6.317;   0;   4.6;   5.2; 1021.55;    3.7;   67.42;    9.8;   -3.8;   -6.9;eor
       1975;20230406;    1;  11.3;   4.2;    1;   0.0;   0;   12.167;   0;   0.0;   5.2; 1016.92;    6.5;   56.88;   12.8;   -1.3;   -4.7;eor
       1975;20230407;    1;  11.3;   5.4;    1;   0.0;   6;    9.667;   0;   4.3;   6.2; 1019.20;    6.5;   64.67;   11.2;    2.8;    0.1;eor
       1975;20230408;    1;   8.7;   3.4;    1;   0.0;   0;    0.000;   0;   8.0;   8.4; 1024.65;    5.9;   90.58;    6.8;    4.7;    4.7;eor
       1975;20230409;    1;   7.2;   2.6;    1;   0.0;   0;    4.983;   0;   6.3;   9.2; 1025.14;    8.1;   85.83;   13.2;    5.8;    2.9;eor
       1975;20230410;    1;  15.6;   6.7;    1;   2.2;   6;    8.550;   0;   6.8;   8.4; 1015.98;   11.8;   63.67;   17.6;    5.1;    2.8;eor
       1975;20230411;    1;  15.3;   4.9;    1;   3.4;   6;    1.317;   0;   6.4;   9.0; 1006.69;    7.3;   87.79;   10.1;    2.3;   -0.6;eor
       1975;20230412;    1;  13.4;   5.2;    1;   8.7;   6;    2.183;   0;   7.2;   8.4;  999.90;    7.0;   83.63;   10.4;    2.9;    0.8;eor
       1975;20230413;    1;  16.8;   4.6;    1;   0.8;   6;    5.500;   0;   5.4;   8.3; 1000.83;    7.0;   83.67;   13.2;    2.5;   -0.5;eor
       1975;20230414;    1;   8.7;   2.9;    1;   1.2;   6;    5.683;   0;   7.4;   8.3; 1008.97;    7.5;   81.29;   12.9;    0.6;   -1.2;eor
       1975;20230415;    1;  12.2;   4.3;    1;   0.0;   6;    1.100;   0;   7.8;  10.0; 1010.63;    9.6;   84.13;   14.2;    6.9;    6.4;eor
       1975;20230416;    1;   7.7;   3.0;    1;   0.0;   6;    0.000;   0;   7.8;   9.5; 1020.52;    9.1;   82.21;   10.9;    7.1;    6.1;eor
       1975;20230417;    1;  13.7;   3.9;    1;   0.0;   0;   11.033;   0;   4.3;   7.9; 1025.84;    9.2;   70.21;   14.2;    5.1;    3.9;eor
       1975;20230418;    1;  12.3;   4.7;    1;   0.0;   0;    4.667;   0;   5.8;   8.0; 1029.35;    7.8;   76.04;   12.1;    3.4;    1.9;eor
       1975;20230419;    1;  19.7;   6.6;    1;   1.3;   6;   12.883;   0;   4.0;   5.5; 1026.96;    8.8;   50.79;   13.4;    2.3;   -0.6;eor
       1975;20230420;    1;  16.8;   5.1;    1;   3.3;   6;    0.917;   0;   6.4;   8.6; 1020.60;    7.9;   80.67;   12.6;    5.5;    4.6;eor
       1975;20230421;    1;  13.2;   5.8;    1;   0.0;   0;   12.850;   0;   0.5;   9.1; 1016.07;   12.6;   63.92;   19.5;    6.3;    4.9;eor
       1975;20230422;    1;  13.7;   5.7;    1;   0.3;   6;   10.000;   0;   4.3;  10.0; 1006.99;   16.3;   53.88;   22.6;    8.9;    6.1;eor
       1975;20230423;    1;  17.3;   3.2;    1;   2.7;   6;    4.783;   0;   6.8;  11.5; 1003.45;   12.8;   78.42;   18.6;    9.1;    8.8;eor
       1975;20230424;    1;  13.4;   6.1;    1;   5.1;   6;    2.900;   0;   6.0;  10.1;  999.34;   10.3;   80.88;   12.8;    7.1;    6.8;eor
       1975;20230425;    1;  17.8;   5.9;    1;   2.2;   6;    4.167;   0;   5.7;   7.0; 1007.64;    6.2;   74.50;    9.9;    3.3;    1.5;eor
       1975;20230426;    1;  13.7;   4.9;    1;   0.0;   6;    8.350;   0;   5.0;   6.6; 1014.49;    6.0;   71.63;   10.1;    2.5;   -0.6;eor
       1975;20230427;    1;  10.3;   2.9;    1;   0.0;   6;    4.783;   0;   6.1;   6.9; 1018.24;    6.1;   74.29;   10.3;    1.4;   -1.7;eor
       1975;20230428;    1;  11.8;   3.9;    1;   8.8;   6;    5.117;   0;   7.4;   8.1; 1012.15;    9.0;   71.58;   13.8;    2.4;   -0.8;eor
       1975;20230429;    1;  13.9;   4.9;    1;   0.0;   0;   12.000;   0;   3.2;   8.8; 1015.15;    9.7;   73.88;   15.0;    3.0;   -0.4;eor
       1975;20230430;    1;   6.9;   1.8;    1;   0.0;   0;   13.517;   0;   1.5;   6.7; 1021.70;    7.8;   66.17;   14.3;    0.1;   -3.2;eor
       1975;20230501;    1;   8.2;   3.3;    1;   0.0;   6;   12.383;   0;   7.7;   7.7; 1014.37;   11.7;   57.83;   19.2;    3.9;    0.1;eor
       1975;20230502;    1;  13.2;   5.6;    1;   0.0;   0;    1.383;   0;   6.6;   7.4; 1020.97;    8.2;   67.92;   10.8;    2.0;   -1.7;eor
       1975;20230503;    1;   8.1;   2.2;    1;   0.0;   0;    8.267;   0;   4.4;   7.0; 1026.95;    7.7;   68.79;   12.9;    1.1;   -2.3;eor
       1975;20230504;    1;  11.3;   3.8;    1;   0.0;   0;   10.850;   0;   6.6;   7.9; 1022.15;    9.9;   66.92;   16.8;    1.2;   -1.0;eor
       1975;20230505;    1;  13.9;   6.8;    1;   1.6;   6;    3.100;   0;   7.9;   9.3; 1017.04;   11.2;   69.83;   16.5;    7.2;    5.8;eor
       1975;20230506;    1;   9.8;   4.2;    1;   0.0;   6;    0.000;   0;   8.0;  10.0; 1017.83;    8.5;   90.00;    9.8;    7.5;    7.1;eor
       1975;20230507;    1;  13.2;   6.3;    1;   0.0;   0;    3.833;   0;   7.3;   9.6; 1021.17;   11.5;   71.88;   16.0;    8.4;    8.0;eor
       1975;20230508;    1;  14.1;   6.2;    1;   0.0;   0;   13.583;   0;   4.6;   8.4; 1022.05;   13.5;   56.00;   19.3;    7.4;    5.5;eor
       1975;20230509;    1;  15.3;   7.1;    1;   0.0;   0;   13.667;   0;   3.8;   8.2; 1013.13;   15.8;   46.58;   21.2;    8.7;    6.9;eor
       1975;20230510;    1;  10.8;   4.2;    1;   4.0;   6;    3.067;   0;   7.9;  11.7; 1008.59;   13.4;   75.50;   16.2;   11.1;    9.1;eor
       1975;20230511;    1;   7.2;   2.4;    1;   0.2;   6;    1.500;   0;   7.7;  13.7; 1013.93;   13.7;   87.00;   18.8;   10.3;    8.9;eor
       1975;20230512;    1;  12.0;   3.7;    1;   0.0;   0;    9.200;   0;   3.7;  10.8; 1018.27;   16.5;   59.79;   22.4;   10.5;    8.9;eor
       1975;20230513;    1;  12.2;   3.8;    1;   0.0;   0;   13.150;   0;   0.6;   9.7; 1020.25;   15.9;   57.04;   22.5;    8.3;    5.1;eor
       1975;20230514;    1;  11.8;   2.9;    1;   0.0;   6;   10.950;   0;   5.3;   9.8; 1016.40;   15.6;   58.25;   21.7;    7.1;    4.4;eor
       1975;20230515;    1;  11.8;   4.0;    1;   0.0;   6;   10.883;   0;   4.9;  11.1; 1009.89;   14.3;   70.79;   22.3;    6.6;    3.1;eor
       1975;20230516;    1;  16.5;   6.7;    1;   1.8;   6;    7.250;   0;   6.8;   8.9; 1014.51;   10.3;   71.50;   13.4;    8.7;    7.3;eor
       1975;20230517;    1;  13.4;   5.7;    1;   0.0;   6;    4.650;   0;   6.6;   7.4; 1022.87;    9.0;   64.92;   12.0;    6.2;    3.3;eor
       1975;20230518;    1;   8.2;   2.2;    1;   0.0;   0;   10.450;   0;   5.5;   7.2; 1027.36;   10.1;   59.54;   15.8;    5.0;    0.8;eor
       1975;20230519;    1;  10.8;   3.6;    1;   0.0;   0;   10.083;   0;   6.7;   8.9; 1026.26;   12.3;   64.38;   18.9;    3.9;    0.6;eor
       1975;20230520;    1;  11.3;   4.6;    1;   0.0;   0;    5.283;   0;   7.5;  10.6; 1023.83;   13.0;   70.71;   16.7;    8.3;    6.4;eor
       1975;20230521;    1;   8.7;   4.2;    1;   0.0;   0;    6.450;   0;   7.5;  14.9; 1017.41;   17.5;   73.83;   24.2;   10.2;    9.0;eor
       1975;20230522;    1;  13.4;   4.3;    1;   9.0;   6;    6.450;   0;   7.8;  14.8; 1013.33;   19.7;   67.96;   27.6;   14.3;   12.0;eor
       1975;20230523;    1;  14.9;   6.1;    1;   0.3;   6;    1.433;   0;   7.5;  12.2; 1014.41;   12.7;   81.92;   15.7;    9.3;    8.3;eor
       1975;20230524;    1;   8.2;   3.7;    1;   0.0;   6;    2.967;   0;   6.7;  10.9; 1019.75;   12.0;   77.79;   16.1;    7.9;    4.7;eor
       1975;20230525;    1;   9.6;   3.8;    1;   0.0;   0;   13.283;   0;   1.5;  10.6; 1024.42;   12.8;   73.54;   18.7;    7.2;    4.4;eor
       1975;20230526;    1;  10.3;   3.9;    1;   0.0;   0;   12.650;   0;   1.9;   9.2; 1027.78;   11.1;   70.42;   16.1;    3.8;    0.6;eor
       1975;20230527;    1;   5.1;   1.4;    1;   0.0;   0;   14.033;   0;   0.9;  10.4; 1025.14;   13.7;   69.54;   21.1;    4.1;    0.3;eor
       1975;20230528;    1;   9.6;   2.7;    1;   0.0;   0;   11.983;   0;   3.8;  10.7; 1020.12;   15.5;   63.88;   22.4;    7.1;    4.6;eor
       1975;20230529;    1;   9.8;   4.1;    1;   0.0;   0;   14.467;   0;   5.0;   9.1; 1022.52;   13.1;   62.25;   19.7;    6.6;    5.1;eor
       1975;20230530;    1;   7.7;   2.2;    1;   0.0;   0;    4.350;   0;   6.0;  10.3; 1024.89;   12.0;   74.92;   18.3;    6.5;    2.4;eor
       1975;20230531;    1;  11.3;   3.6;    1;   0.0;   0;   14.883;   0;   4.0;  11.0; 1023.26;   14.1;   70.46;   22.1;    4.5;   -0.2;eor
       1975;20230601;    1;  12.7;   5.9;    1;   0.0;   0;    4.433;   0;   7.4;  10.4; 1018.28;   12.1;   73.71;   15.3;    9.7;    7.9;eor
       1975;20230602;    1;  12.3;   4.0;    1;   0.0;   6;    9.767;   0;   4.0;   9.5; 1020.18;   13.6;   63.67;   19.3;    8.4;    5.6;eor
       1975;20230603;    1;   8.4;   2.5;    1;   0.0;   0;   15.400;   0;   0.8;   8.1; 1022.27;   14.1;   54.13;   20.7;    4.2;   -0.8;eor
       1975;20230604;    1;   8.2;   2.6;    1;   0.0;   0;   15.133;   0;   0.8;   9.4; 1021.31;   14.3;   61.04;   21.5;    4.7;    0.9;eor
       1975;20230605;    1;   8.1;   2.1;    1;   0.0;   0;   13.583;   0;   1.0;  11.6; 1020.40;   16.5;   65.58;   25.1;    5.5;    1.8;eor
       1975;20230606;    1;   9.4;   2.9;    1;   0.0;   0;   15.100;   0;   0.5;  12.1; 1018.97;   17.9;   62.67;   26.1;    7.8;    3.3;eor
       1975;20230607;    1;   8.1;   3.0;    1;   0.0;   0;   12.550;   0;   1.0;  12.2; 1018.69;   15.9;   70.58;   24.0;    8.7;    6.0;eor
       1975;20230608;    1;   8.2;   2.7;    1;   0.0;   0;   11.867;   0;   2.0;  12.1; 1016.68;   17.5;   65.71;   26.3;    9.0;    8.3;eor
       1975;20230609;    1;  11.3;   3.7;    1;   0.0;   0;   15.417;   0;   4.6;  12.0; 1016.33;   19.0;   60.21;   27.6;   10.1;    5.7;eor
       1975;20230610;    1;  10.6;   4.6;    1;   0.0;   0;   15.150;   0;   1.0;  14.2; 1017.56;   19.0;   65.50;   26.5;   11.5;    9.7;eor
       1975;20230611;    1;  11.3;   4.6;    1;   0.0;   0;   14.600;   0;   2.5;  11.7; 1018.66;   19.8;   53.38;   27.8;   12.4;   11.0;eor
       1975;20230612;    1;  12.9;   4.4;    1;   0.0;   0;   13.867;   0;   0.3;  10.2; 1017.63;   21.3;   44.04;   28.3;   13.2;   10.6;eor
       1975;20230613;    1;  14.4;   4.4;    1;   0.0;   0;   15.433;   0;   0.2;  11.2; 1016.23;   18.0;   56.21;   25.6;   10.0;    3.1;eor
