STATIONS_ID;MESS_DATUM;QN_3;  FX;  FM;QN_4; RSK;RSKF; SDK;SHK_TAG;  NM; VPM;  PM; TMK; UPM; TXK; TNK; TGK;eor
       2932;20211211;   10;   6.7;   2.7;    3;   0.0;   0;    1.150;   0;   4.5;   5.1;  997.54;   -2.0;   96.63;    0.1;   -4.4;   -7.7;eor
       2932;20211212;   10;   8.9;   5.0;    3;   5.2;   6;    0.117;   0;   7.3;   6.4; 1007.20;    1.6;   91.75;    4.3;   -2.3;   -3.6;eor
       2932;20211213;   10;   7.7;   4.0;    3;   1.2;   6;    0.000;   0;   8.0;   9.4; 1010.29;    6.5;   97.17;    8.6;    4.2;    4.0;eor
       2932;20211214;   10;   6.2;   3.6;    3;   0.0;   6;    0.000;   0;   7.8;   8.6; 1010.80;    6.2;   90.92;    6.9;    5.4;    5.0;eor
       2932;20211215;   10;   9.4;   5.0;    3;   0.0;   6;    0.050;   0;   7.2;   9.1; 1013.91;    7.1;   89.46;    9.0;    5.1;    4.1;eor
       2932;20211216;   10;   6.7;   3.3;    3;   0.2;   6;    0.000;   0;   7.1;   9.2; 1018.50;    6.8;   92.17;    8.1;    2.0;    0.0;eor
       2932;20211217;   10;   7.4;   2.9;    3;   0.1;   6;    0.933;   0;   6.0;   7.6; 1021.44;    4.1;   92.79;    6.2;    0.1;   -1.6;eor
       2932;20211218;   10;  10.8;   4.3;    3;   0.5;   6;    0.000;   0;   8.0;   8.7; 1018.69;    5.5;   96.67;    7.3;    4.4;    4.3;eor
       2932;20211219;   10;  15.1;   6.3;    3;   0.3;   6;    0.000;   0;   7.4;   8.0; 1008.06;    5.9;   86.42;    7.2;    2.1;    0.4;eor
       2932;20211220;   10;   7.9;   3.0;    3;   0.0;   0;    7.333;   0;   1.6;   5.5; 1009.18;    0.5;   86.13;    3.0;   -2.7;   -4.9;eor
       2932;20211221;   10;   4.6;   2.1;    3;   0.0;   0;    0.167;   0;   6.6;   5.1; 1010.23;   -1.2;   91.83;    0.3;   -4.8;   -6.8;eor
       2932;20211222;   10;   6.9;   2.4;    3;   0.0;   0;    5.383;   0;   6.3;   4.5; 1009.84;   -2.2;   86.96;    0.7;   -4.4;   -6.7;eor
       2932;20211223;   10;  13.4;   5.5;    3;   4.2;   8;    0.000;   0;   7.5;   5.0;  995.29;    0.3;   79.29;    4.3;   -2.3;   -3.6;eor
       2932;20211224;   10;  15.4;   7.5;    3;   8.5;   8;    0.450;   0;   7.8;   8.0;  985.34;    4.9;   91.38;    9.2;   -1.4;   -1.7;eor
       2932;20211225;   10;   9.1;   3.9;    3;   0.0;   0;    3.517;   3;   4.4;   3.5;  995.70;   -5.4;   84.13;   -1.5;  -10.9;  -14.2;eor
       2932;20211226;   10;   6.5;   2.3;    3;   0.0;   6;    4.767;   2;   3.8;   2.9;  995.78;   -8.1;   85.46;   -3.8;  -13.4;  -16.3;eor
       2932;20211227;   10;   6.7;   4.0;    3;   0.9;   6;    0.233;   2;   7.2;   5.5;  989.47;   -0.1;   90.13;    2.4;   -3.9;   -3.9;eor
       2932;20211228;   10;  11.5;   5.8;    3;   2.8;   6;    0.133;   0;   7.6;   7.4;  982.30;    4.5;   87.79;    6.8;    1.5;    1.0;eor
       2932;20211229;   10;   8.2;   3.7;    3;   1.2;   6;    0.000;   0;   7.5;   9.0;  988.80;    6.4;   93.17;    8.6;    3.6;    1.8;eor
       2932;20211230;   10;  14.9;   6.7;    3;   0.2;   6;    0.000;   0;   7.6;  11.7;  997.29;   10.9;   89.58;   13.8;    6.6;    6.4;eor
       2932;20211231;   10;  16.5;   8.2;    3;   0.0;   6;    1.550;   0;   6.9;  11.6; 1001.38;   12.8;   79.00;   15.2;   11.5;   10.5;eor
       2932;20220101;   10;  11.7;   5.7;    3;   0.0;   0;    0.000;   0;   7.1;  10.9; 1007.15;   10.9;   83.50;   12.6;    7.0;    5.6;eor
       2932;20220102;   10;  13.4;   5.8;    3;   1.9;   6;    0.733;   0;   6.4;   9.7;  998.29;    9.5;   81.54;   11.8;    7.0;    6.0;eor
       2932;20220103;   10;  15.8;   8.0;    3;   1.2;   6;    2.200;   0;   6.4;   8.9;  992.83;    8.6;   80.00;   10.8;    7.1;    6.1;eor
       2932;20220104;   10;   9.3;   3.9;    3;  14.2;   8;    0.000;   0;   7.8;   9.1;  981.41;    6.6;   93.04;    8.6;    5.3;    4.6;eor
       2932;20220105;   10;  18.0;   7.9;    3;   2.3;   8;    2.867;   0;   6.8;   6.5;  984.59;    2.9;   86.58;    5.4;    0.1;   -0.1;eor
       2932;20220106;   10;  11.8;   4.5;    3;   0.0;   0;    5.933;   0;   3.3;   5.5;  999.32;    0.9;   83.38;    3.5;   -1.5;   -4.3;eor
       2932;20220107;   10;  11.7;   5.7;    3;   0.5;   7;    0.000;   0;   6.8;   5.4;  998.06;    0.8;   83.67;    2.4;   -1.8;   -3.3;eor
       2932;20220108;   10;  11.7;   4.8;    3;   0.0;   7;    2.533;   0;   5.5;   5.5;  992.25;    1.3;   82.17;    3.7;   -0.2;   -1.7;eor
       2932;20220109;   10;  12.9;   6.6;    3;   1.6;   8;    0.000;   0;   7.9;   6.3;  982.74;    2.5;   85.29;    4.0;    0.3;   -0.5;eor
       2932;20220110;   10;   6.2;   2.6;    3;   0.1;   6;    0.000;   0;   7.8;   7.0; 1003.82;    2.9;   93.50;    4.1;    0.8;   -1.3;eor
       2932;20220111;   10;   5.8;   2.5;    3;   0.0;   8;    0.000;   0;   7.8;   6.1; 1017.68;    0.4;   96.08;    2.5;   -1.5;   -1.9;eor
       2932;20220112;   10;   7.5;   3.1;    3;   0.0;   6;    0.017;   0;   7.4;   6.2; 1020.55;    1.4;   91.58;    4.2;   -1.6;   -2.1;eor
       2932;20220113;   10;  11.8;   5.9;    3;   0.0;   0;    2.117;   0;   4.7;   6.3; 1019.97;    2.0;   88.75;    4.6;   -1.4;   -2.9;eor
       2932;20220114;   10;  10.3;   4.5;    3;   0.1;   6;    0.000;   0;   5.9;   6.5; 1015.83;    1.6;   93.96;    3.7;   -2.9;   -5.1;eor
       2932;20220115;   10;   4.6;   2.3;    3;   0.0;   0;    0.000;   0;   5.9;   6.5; 1012.60;    1.7;   93.29;    3.9;   -1.8;   -4.1;eor
       2932;20220116;   10;  14.4;   7.3;    3;   0.0;   6;    0.000;   0;   7.7;   6.2; 1005.65;    1.4;   90.88;    4.0;   -1.8;   -3.1;eor
       2932;20220117;   10;  19.0;   7.4;    3;   1.2;   6;    0.000;   0;   6.1;   6.9; 1008.99;    4.1;   83.33;    6.3;   -1.4;   -3.1;eor
       2932;20220118;   10;   5.7;   2.7;    3;   0.5;   6;    0.000;   0;   7.2;   7.0; 1019.12;    2.9;   91.50;    5.0;   -1.4;   -3.5;eor
       2932;20220119;   10;  15.4;   6.6;    3;   0.2;   6;    3.233;   0;   6.9;   6.4; 1007.14;    3.2;   82.67;    5.6;    1.4;   -1.2;eor
       2932;20220120;   10;  19.2;   7.8;    3;   0.3;   8;    3.900;   0;   4.3;   5.1; 1002.38;    1.4;   75.42;    3.4;   -1.6;   -3.0;eor
       2932;20220121;   10;  14.2;   6.0;    3;   4.1;   8;    4.717;   0;   3.7;   4.8; 1009.86;   -0.2;   79.17;    2.7;   -4.6;   -6.4;eor
       2932;20220122;   10;  13.4;   3.7;    3;   2.6;   6;    0.000;   0;   7.8;   8.0; 1011.29;    4.4;   95.21;    5.3;    2.6;    2.1;eor
       2932;20220123;   10;   6.7;   3.2;    3;   1.3;   6;    0.000;   0;   7.9;   8.2; 1016.85;    4.4;   97.33;    5.5;    3.1;    2.7;eor
       2932;20220124;   10;   3.6;   1.6;    3;   0.0;   6;    0.000;   0;   8.0;   8.5; 1017.78;    5.2;   95.42;    6.4;    4.2;    3.9;eor
       2932;20220125;   10;   5.7;   2.8;    3;   0.1;   6;    0.000;   0;   8.0;   6.8; 1015.90;    2.8;   91.13;    4.2;    1.5;    1.0;eor
       2932;20220126;   10;  10.8;   5.0;    3;   0.0;   6;    0.000;   0;   8.0;   6.1; 1012.68;    1.3;   90.79;    1.8;    0.6;    0.5;eor
       2932;20220127;   10;  18.3;  10.1;    3;   0.9;   6;    0.250;   0;   7.6;   6.3; 1003.51;    2.8;   83.83;    4.6;    1.4;    0.8;eor
       2932;20220128;   10;  18.7;   7.6;    3;   0.1;   6;    2.400;   0;   6.5;   5.9; 1010.00;    3.8;   73.63;    5.6;    1.5;    0.3;eor
       2932;20220129;   10;  21.4;  10.0;    3;   5.8;   6;    0.000;   0;   7.8;   7.5; 1002.88;    5.4;   82.33;    8.6;    2.3;    1.6;eor
       2932;20220130;   10;  23.7;  10.7;    3;   0.0;   6;    0.583;   0;   6.5;   5.5; 1002.17;    5.1;   62.50;    6.2;    2.6;    2.0;eor
       2932;20220131;   10;  11.1;   4.3;    3;   4.0;   8;    0.000;   0;   7.8;   6.1;  991.58;    1.7;   88.29;    3.6;    0.0;    0.0;eor
       2932;20220201;   10;  19.7;   8.3;    3;   2.5;   8;    0.000;   0;   7.9;   6.6;  992.91;    2.9;   87.42;    6.1;    0.5;    0.0;eor
       2932;20220202;   10;  19.2;   8.1;    3;   0.1;   8;    1.250;   0;   6.0;   6.3;  995.83;    4.5;   74.75;    6.5;   -1.3;   -3.2;eor
       2932;20220203;   10;   8.1;   4.4;    3;   1.5;   6;    0.000;   0;   7.1;   7.8; 1000.29;    4.6;   90.21;    7.5;   -0.2;   -1.7;eor
       2932;20220204;   10;  20.1;   7.0;    3;   0.3;   6;    1.217;   0;   7.0;   7.6;  993.59;    6.1;   81.17;    8.3;    2.3;    1.3;eor
       2932;20220205;   10;  16.8;   9.4;    3;   0.0;   6;    4.533;   0;   5.3;   5.9;  999.88;    4.0;   72.58;    7.0;    1.4;    0.2;eor
       2932;20220206;   10;  23.8;  12.0;    3;   0.4;   6;    0.217;   0;   7.9;   7.1;  986.81;    5.5;   77.92;    8.0;    3.1;    2.3;eor
       2932;20220207;   10;  20.6;   7.7;    3;   0.2;   8;    4.083;   0;   5.6;   6.1;  997.38;    3.3;   78.67;    6.3;    0.5;   -0.7;eor
       2932;20220208;   10;  15.8;   8.4;    3;   0.0;   6;    0.617;   0;   6.8;   7.4; 1008.35;    5.8;   79.75;    8.3;    0.8;   -0.5;eor
       2932;20220209;   10;  11.8;   6.6;    3;   0.0;   0;    0.000;   0;   7.8;   8.4; 1008.50;    8.4;   76.67;    9.5;    7.1;    6.0;eor
       2932;20220210;   10;  15.4;   5.5;    3;   6.6;   8;    3.900;   0;   6.8;   8.0; 1003.10;    6.8;   81.67;   10.3;    3.9;    3.3;eor
       2932;20220211;   10;  15.4;   5.6;    3;   2.3;   8;    1.233;   0;   6.9;   6.6; 1007.46;    2.7;   88.08;    5.4;   -1.5;   -3.7;eor
       2932;20220212;   10;   8.2;   3.7;    3;   0.0;   0;    8.717;   0;   3.7;   5.0; 1014.19;    1.0;   77.88;    4.9;   -3.2;   -6.6;eor
       2932;20220213;   10;  12.3;   5.9;    3;   0.0;   0;    9.167;   0;   4.1;   5.7; 1000.61;    4.0;   70.96;   10.3;   -1.0;   -2.7;eor
       2932;20220214;   10;  13.2;   6.8;    3;   0.0;   6;    6.817;   0;   5.5;   6.0;  990.71;    7.4;   58.75;   13.2;    3.8;    2.2;eor
       2932;20220215;   10;  11.8;   5.2;    3;   0.0;   6;    4.083;   0;   5.5;   7.4;  994.10;    6.6;   75.83;    9.6;    3.9;    1.3;eor
       2932;20220216;   10;  21.4;   9.9;    3;   3.7;   6;    0.000;   0;   7.8;   8.3;  983.68;    8.1;   75.58;   13.4;    4.9;    3.9;eor
       2932;20220217;   10;  27.1;  13.4;    3;   0.2;   6;    6.833;   0;   4.1;   7.6;  981.35;    8.2;   68.63;   14.2;    3.9;    2.4;eor
       2932;20220218;   10;  28.1;   8.9;    3;   0.5;   6;    0.050;   0;   6.4;   7.4;  986.37;    7.2;   72.29;   12.8;    3.3;    2.1;eor
       2932;20220219;   10;  25.2;  12.6;    3;   0.2;   6;    5.433;   0;   4.6;   5.1;  992.41;    5.9;   54.63;    8.5;    4.1;    2.2;eor
       2932;20220220;   10;  21.4;  10.8;    3;   0.6;   6;    1.283;   0;   7.8;   7.6;  989.42;    7.0;   75.88;   10.0;    3.7;    2.7;eor
       2932;20220221;   10;  28.6;  12.3;    3;   0.7;   6;    4.033;   0;   6.8;   6.6;  981.12;    6.0;   70.08;   10.4;    3.1;    2.1;eor
       2932;20220222;   10;  16.8;   8.6;    3;   1.4;   6;    3.033;   0;   7.0;   6.7;  996.84;    5.8;   72.50;    8.1;    2.9;    1.2;eor
       2932;20220223;   10;  15.3;   6.5;    3;   0.0;   0;    8.433;   0;   2.9;   6.5; 1005.88;    6.2;   69.21;   10.4;    2.8;   -0.7;eor
       2932;20220224;   10;  17.7;   6.9;    3;   0.0;   6;    0.900;   0;   6.1;   6.7;  996.81;    6.2;   70.25;   10.7;    1.4;   -1.1;eor
       2932;20220225;   10;  16.8;   8.3;    3;   0.1;   6;    4.433;   0;   5.5;   6.0; 1002.91;    3.3;   77.50;    7.1;    0.6;   -0.8;eor
       2932;20220226;   10;   9.6;   3.7;    3;   0.0;   0;    0.667;   0;   6.3;   6.1; 1015.73;    3.5;   78.00;    7.0;   -0.3;   -5.3;eor
       2932;20220227;   10;   9.3;   3.3;    3;   0.0;   0;    6.067;   0;   2.4;   5.5; 1019.32;    1.4;   83.67;    7.4;   -2.9;   -5.2;eor
       2932;20220228;   10;   8.2;   4.2;    3;   0.0;   0;    6.117;   0;   3.9;   5.0; 1018.51;    0.2;   81.38;    5.7;   -3.3;   -6.6;eor
       2932;20220301;   10;   8.1;   3.4;    3;   0.0;   0;    9.933;   0;   2.6;   3.9; 1015.15;    0.8;   62.00;    6.7;   -5.2;   -8.3;eor
       2932;20220302;   10;   4.8;   1.7;    3;   0.0;   0;    7.183;   0;   4.6;   4.4; 1008.81;    1.8;   65.71;    7.5;   -2.4;   -6.6;eor
       2932;20220303;   10;   7.7;   2.6;    3;   0.0;   0;   10.217;   0;   2.1;   4.7; 1004.70;    0.8;   72.71;    7.7;   -4.3;   -8.3;eor
       2932;20220304;   10;   5.1;   1.8;    3;   0.0;   7;    0.000;   0;   7.8;   5.3; 1007.35;    0.7;   82.17;    2.5;   -1.6;   -5.2;eor
       2932;20220305;   10;   6.7;   2.4;    3;   0.0;   0;    6.000;   0;   3.8;   4.9; 1007.56;    0.9;   75.75;    6.7;   -3.6;   -6.6;eor
       2932;20220306;   10;   8.4;   2.5;    3;   0.0;   0;    0.000;   0;   7.8;   4.2; 1008.58;   -0.4;   70.96;    1.7;   -2.7;   -4.2;eor
       2932;20220307;   10;   8.9;   2.5;    3;   0.0;   0;    9.850;   0;   4.2;   4.6; 1009.70;    1.9;   67.08;    6.7;   -2.5;   -5.4;eor
       2932;20220308;   10;   7.2;   2.5;    3;   0.0;   0;   11.117;   0;   1.0;   4.5; 1009.11;    2.1;   65.25;    8.6;   -3.6;   -7.7;eor
       2932;20220309;   10;   5.1;   2.2;    3;   0.0;   0;   11.083;   0;   0.6;   4.5; 1009.55;    4.2;   56.63;   11.4;   -1.9;   -6.7;eor
       2932;20220310;   10;  11.3;   4.8;    3;   0.0;   0;   11.050;   0;   0.0;   5.1; 1012.17;    3.5;   65.50;   11.1;   -4.1;   -7.1;eor
       2932;20220311;   10;  16.3;   8.0;    3;   0.0;   0;   11.217;   0;   0.2;   3.3; 1009.16;    2.2;   48.50;    8.7;   -3.6;   -5.3;eor
       2932;20220312;   10;  11.1;   5.2;    3;   0.0;   0;   11.100;   0;   0.7;   2.8; 1006.64;    3.6;   37.08;   11.8;   -4.1;   -7.6;eor
       2932;20220313;   10;  12.9;   5.1;    3;   0.0;   0;   11.350;   0;   0.0;   3.3; 1003.87;    4.1;   42.46;   13.0;   -4.9;   -8.2;eor
       2932;20220314;   10;  12.7;   4.8;    3;   4.9;   6;    3.317;   0;   4.8;   6.1; 1008.90;    4.9;   67.54;   11.1;   -2.2;   -6.0;eor
       2932;20220315;   10;   6.2;   2.8;    3;   0.7;   6;    0.000;   0;   7.0;   8.2; 1010.13;    6.3;   85.71;   10.3;    2.0;   -0.4;eor
       2932;20220316;   10;   6.7;   3.0;    3;   0.0;   0;    9.867;   0;   6.6;   7.7; 1010.66;    7.1;   77.96;   12.7;    1.8;    0.2;eor
       2932;20220317;   10;  10.3;   3.4;    3;   0.0;   0;    0.000;   0;   8.0;   7.9; 1012.93;    7.1;   79.25;   12.4;    2.4;    1.2;eor
       2932;20220318;   10;  11.3;   3.5;    3;   0.0;   0;    6.950;   0;   3.8;   6.6; 1025.00;    6.7;   69.08;   12.1;    2.1;   -2.3;eor
       2932;20220319;   10;  14.4;   4.9;    3;   0.0;   0;    9.067;   0;   2.4;   5.5; 1024.88;    4.9;   64.08;    9.6;    0.0;   -4.2;eor
       2932;20220320;   10;  16.6;   7.7;    3;   0.0;   0;   11.500;   0;   1.5;   4.0; 1019.08;    6.1;   44.13;   13.5;    0.1;   -1.2;eor
       2932;20220321;   10;   8.7;   4.4;    3;   0.0;   0;   11.267;   0;   2.2;   4.1; 1018.17;    6.3;   44.96;   13.3;   -2.1;   -4.7;eor
       2932;20220322;   10;   6.9;   3.1;    3;   0.0;   0;   11.850;   0;   0.0;   4.5; 1016.85;    8.1;   43.17;   16.3;   -1.2;   -6.0;eor
       2932;20220323;   10;   4.6;   1.9;    3;   0.0;   0;   11.750;   0;   0.0;   5.3; 1013.99;    8.9;   49.33;   17.4;    0.1;   -5.2;eor
       2932;20220324;   10;   4.6;   1.8;    3;   0.0;   0;   11.350;   0;   0.0;   5.8; 1012.62;    8.5;   54.17;   16.2;    0.8;   -3.2;eor
       2932;20220325;   10;   5.8;   1.9;    3;   0.0;   0;   11.233;   0;   0.1;   6.2; 1012.98;    8.5;   56.38;   15.9;    0.3;   -4.2;eor
       2932;20220326;   10;  11.0;   3.6;    3;   0.0;   0;    9.650;   0;   3.7;   8.3; 1013.13;   10.4;   65.83;   17.6;    1.5;   -1.2;eor
       2932;20220327;   10;   5.1;   1.7;    3;   0.0;   0;   10.250;   0;   2.9;   8.8; 1013.75;   10.1;   72.58;   15.5;    2.8;    0.3;eor
       2932;20220328;   10;   8.2;   3.1;    3;   0.0;   0;   10.467;   0;   1.5;   9.1; 1004.48;   10.8;   71.38;   18.6;    3.2;   -1.0;eor
       2932;20220329;   10;   7.7;   2.8;    3;   0.0;   0;    4.467;   0;   6.6;   7.4;  995.19;    7.1;   74.08;   11.0;    4.3;    0.3;eor
       2932;20220330;   10;   6.9;   3.0;    3;   1.2;   6;    0.367;   0;   7.1;   6.4;  988.63;    4.0;   79.50;    7.1;    1.0;   -1.4;eor
       2932;20220331;   10;  12.5;   5.8;    3;   0.0;   6;    0.000;   0;   7.8;   6.0;  985.35;    2.4;   82.79;    4.1;    0.3;   -0.4;eor
       2932;20220401;   10;  15.4;   7.2;    3;   0.0;   8;    0.000;   0;   8.0;   3.8;  987.89;    3.2;   50.42;    5.7;    0.4;    1.1;eor
       2932;20220402;   10;  13.2;   6.9;    3;   0.0;   0;    2.100;   0;   7.1;   4.2;  996.75;    1.9;   59.83;    5.4;   -1.0;   -2.7;eor
       2932;20220403;   10;  10.3;   3.6;    3;   0.0;   0;    5.350;   0;   6.5;   4.0; 1002.57;    1.7;   59.79;    6.7;   -6.4;   -9.2;eor
       2932;20220404;   10;  24.0;  11.2;    3;   1.1;   6;    4.900;   0;   6.7;   5.6;  992.90;    3.9;   69.04;    8.4;   -0.2;   -1.6;eor
       2932;20220405;   10;  17.0;   7.6;    3;   2.1;   6;    0.083;   0;   7.8;   9.2;  986.94;    7.6;   86.79;   10.3;    4.9;    4.2;eor
       2932;20220406;   10;  16.8;   8.5;    3;   0.0;   6;    3.483;   0;   7.4;   8.8;  985.16;   10.6;   69.58;   13.9;    8.1;    5.5;eor
       2932;20220407;   10;  24.2;  11.1;    3;   6.3;   6;    2.500;   0;   6.3;   8.4;  973.35;   10.2;   67.46;   14.9;    5.7;    3.9;eor
       2932;20220408;   10;  21.6;   8.6;    3;   0.0;   6;    2.217;   0;   7.0;   6.4;  979.66;    6.7;   65.83;    9.3;    2.8;    1.7;eor
       2932;20220409;   10;  16.6;   5.8;    3;   0.2;   6;    4.267;   0;   6.0;   6.3;  990.11;    5.1;   72.50;   10.2;    1.4;   -0.2;eor
       2932;20220410;   10;  16.3;   5.4;    3;   0.0;   6;    4.500;   0;   4.8;   5.7; 1001.11;    4.1;   70.75;    9.5;   -0.7;   -2.9;eor
       2932;20220411;   10;   8.1;   2.9;    3;   0.0;   0;   12.450;   0;   4.3;   5.4; 1003.35;    6.1;   60.88;   13.4;   -0.9;   -3.8;eor
       2932;20220412;   10;   9.3;   4.4;    3;   0.0;   0;   12.700;   0;   5.3;   6.4; 1000.59;   10.0;   54.71;   18.4;    0.7;   -2.0;eor
       2932;20220413;   10;   6.5;   3.1;    3;   0.0;   0;    8.717;   0;   7.0;   8.4; 1000.35;   13.8;   54.71;   22.0;    4.1;    0.2;eor
       2932;20220414;   10;   8.6;   2.8;    3;   1.9;   6;    3.800;   0;   7.0;  11.7; 1003.58;   11.7;   84.54;   16.5;    6.2;    3.3;eor
       2932;20220415;   10;  11.8;   4.6;    3;   0.1;   6;    0.800;   0;   7.3;   9.6; 1008.95;    8.3;   87.04;   10.0;    5.4;    4.8;eor
       2932;20220416;   10;   9.6;   3.8;    3;   0.0;   0;    8.800;   0;   5.3;   6.0; 1016.69;    6.2;   64.63;   11.8;    1.9;   -0.1;eor
       2932;20220417;   10;   9.4;   2.0;    3;   0.0;   0;   11.500;   0;   3.3;   5.6; 1012.88;    6.9;   57.67;   13.8;   -1.6;   -4.7;eor
       2932;20220418;   10;   6.3;   2.1;    3;   0.0;   0;   12.800;   0;   5.9;   6.2; 1003.55;    8.7;   57.42;   14.8;    1.2;   -2.6;eor
       2932;20220419;   10;  10.6;   3.6;    3;   0.0;   0;    9.200;   0;   5.2;   6.1;  998.90;    8.1;   57.88;   14.1;    3.5;   -0.1;eor
       2932;20220420;   10;   7.4;   2.2;    3;   0.1;   6;    0.200;   0;   6.8;   7.4;  999.89;    7.3;   72.00;   11.1;    1.9;   -2.3;eor
       2932;20220421;   10;   6.7;   2.4;    3;   0.2;   6;    0.000;   0;   8.0;   9.2;  996.90;    8.4;   83.21;    9.5;    6.9;    6.7;eor
       2932;20220422;   10;  13.0;   5.1;    3;   0.0;   0;    6.000;   0;   6.9;  10.3;  992.64;   10.7;   81.13;   15.1;    8.0;    7.7;eor
       2932;20220423;   10;  14.4;   5.7;    3;   0.0;   0;   13.500;   0;   1.7;   7.7;  992.01;   10.8;   61.92;   16.8;    4.7;    3.2;eor
       2932;20220424;   10;  12.0;   4.1;    3;   2.2;   6;    3.600;   0;   6.2;   8.6;  987.50;    9.8;   71.46;   15.2;    4.8;    3.4;eor
       2932;20220425;   10;   7.7;   3.1;    3;   0.1;   6;    4.000;   0;   6.5;   9.3;  994.85;    8.5;   84.13;   13.5;    4.0;    0.7;eor
       2932;20220426;   10;   8.1;   2.3;    3;   0.0;   0;   10.750;   0;   3.0;   8.1; 1000.13;    9.8;   69.92;   16.2;    2.0;   -1.1;eor
       2932;20220427;   10;   8.2;   2.3;    3;   0.0;   0;-999;   0;   4.8;   7.9; 1007.35;   11.1;   61.75;   17.2;    5.3;    1.2;eor
       2932;20220428;   10;   8.7;   2.5;    3;   0.0;   0;-999;   0;   2.6;   8.7; 1011.91;   11.4;   65.88;   17.0;    6.3;    1.7;eor
       2932;20220429;   10;   7.2;   1.6;    3;   0.0;   0;-999;   0;   6.5;   8.2; 1010.94;   11.5;   62.79;   17.7;    4.2;   -0.1;eor
       2932;20220430;   10;   8.4;   3.2;    3;   0.0;   0;-999;   0;   6.0;   8.8; 1006.50;   11.5;   66.54;   18.3;    6.4;    5.3;eor
       2932;20220501;   10;   8.2;   3.3;    3;   0.0;   0;-999;   0;   4.6;   8.7; 1005.37;   11.5;   65.08;   17.8;    6.5;    3.5;eor
       2932;20220502;   10;   6.2;   2.1;    3;   0.0;   0;-999;   0;   2.3;   8.8; 1002.40;   12.8;   61.96;   20.0;    4.9;    2.3;eor
       2932;20220503;   10;   7.4;   2.8;    3;   0.0;   0;-999;   0;   3.4;   9.1; 1000.71;   12.9;   62.63;   18.4;    7.1;    3.2;eor
       2932;20220504;   10;   9.3;   2.7;    3;   2.1;   6;-999;   0;   5.7;  10.6; 1001.29;   12.3;   74.63;   19.5;    6.4;    4.4;eor
       2932;20220505;   10;   7.9;   2.5;    3;   0.0;   0;-999;   0;   6.2;  10.4; 1004.50;   13.6;   68.17;   18.6;    8.2;    3.9;eor
       2932;20220506;   10;   7.4;   1.8;    3;   0.0;   0;-999;   0;   4.5;   9.1; 1007.98;   13.5;   60.00;   19.7;    5.9;    2.2;eor
       2932;20220507;   10;   8.7;   2.3;    3;   0.0;   0;-999;   0;   4.2;  10.7; 1006.43;   15.5;   63.08;   22.8;    7.8;    3.1;eor
       2932;20220508;   10;   7.2;   3.0;    3;   0.0;   0;-999;   0;   4.0;  10.5; 1009.18;   13.9;   67.63;   19.3;    8.3;    3.3;eor
       2932;20220509;   10;   7.2;   2.4;    3;   0.0;   0;-999;   0;   0.6;   8.9; 1010.15;   14.7;   54.21;   22.0;    6.0;    3.4;eor
       2932;20220510;   10;   9.9;   3.2;    3;   0.0;   6;-999;   0;   6.3;  11.4; 1002.84;   18.9;   54.38;   26.5;    8.0;    5.1;eor
       2932;20220511;   10;  15.9;   6.1;    3;   0.0;   0;-999;   0;   5.7;  13.3;  995.49;   22.7;   50.08;   28.7;   15.4;   13.4;eor
       2932;20220512;   10;  13.4;   4.4;    3;   0.0;   0;-999;   0;   5.3;  10.2;  999.66;   17.4;   52.00;   21.1;   11.9;    6.5;eor
       2932;20220513;   10;  13.9;   4.7;    3;   0.0;   0;-999;   0;   6.0;   9.7; 1002.15;   14.8;   58.38;   20.1;    9.5;    4.6;eor
       2932;20220514;   10;  10.1;   3.6;    3;   0.0;   0;-999;   0;   4.8;  10.3; 1004.11;   15.6;   59.71;   22.1;    8.5;    4.5;eor
       2932;20220515;   10;   5.7;   1.8;    3;   0.0;   0;-999;   0;   2.7;  10.1; 1004.94;   15.9;   58.29;   22.5;    8.0;    3.3;eor
       2932;20220516;   10;  11.8;   3.1;    3;   1.6;   6;    9.200;   0;   5.6;  13.6; 1001.39;   17.7;   67.38;   26.5;    8.7;    7.2;eor
       2932;20220517;   10;   8.6;   2.9;    3;   3.9;   6;    4.400;   0;   6.7;  16.2; 1004.38;   16.7;   85.42;   21.3;   13.1;    9.3;eor
       2932;20220518;   10;   9.3;   2.9;    3;   0.0;   0;   13.233;   0;   4.9;  14.5; 1007.67;   19.1;   68.83;   25.9;   11.7;    9.4;eor
       2932;20220519;   10;  14.1;   4.3;    3;   2.5;   6;   13.067;   0;   6.0;  13.8; 1004.39;   21.4;   56.71;   28.9;   14.5;   12.5;eor
       2932;20220520;   10;  16.1;   3.6;    3;   6.9;   6;    6.600;   0;   6.2;  17.8; 1001.41;   19.5;   79.25;   25.4;   14.0;   12.7;eor
       2932;20220521;   10;  16.5;   6.5;    3;   0.0;   6;    5.417;   0;   5.6;  11.4; 1002.30;   15.3;   66.13;   19.3;   11.4;    7.4;eor
       2932;20220522;   10;   7.9;   2.3;    3;   0.0;   0;   11.167;   0;   5.3;  10.9; 1000.12;   14.8;   66.21;   20.1;    8.8;    5.9;eor
       2932;20220523;   10;  10.8;   5.0;    3;   0.0;   6;    6.250;   0;   6.7;  12.0;  990.77;   17.0;   63.17;   23.5;    7.9;    6.5;eor
       2932;20220524;   10;  14.4;   5.5;    3;   0.0;   6;    8.550;   0;   5.1;  13.5;  990.32;   17.6;   67.13;   21.9;   10.9;    7.1;eor
       2932;20220525;   10;  14.2;   4.4;    3;   0.0;   0;    8.500;   0;   5.3;  10.2;  998.83;   15.6;   59.88;   22.2;    9.3;    7.0;eor
       2932;20220526;   10;  14.7;   7.3;    3;   0.8;   6;    3.800;   0;   6.7;  11.7; 1002.26;   17.4;   58.58;   21.5;   13.9;   13.1;eor
       2932;20220527;   10;  17.5;   5.9;    3;   4.3;   6;    6.667;   0;   4.8;  11.0; 1000.23;   15.2;   64.21;   19.5;    8.3;    6.5;eor
       2932;20220528;   10;  15.4;   6.1;    3;   0.0;   6;    5.567;   0;   4.6;   8.6;  999.78;   11.3;   64.71;   16.4;    6.4;    3.4;eor
       2932;20220529;   10;   7.7;   3.2;    3;   1.0;   6;    4.100;   0;   5.6;   9.0;  996.35;   10.5;   71.83;   16.4;    4.8;    1.5;eor
       2932;20220530;   10;  10.8;   2.4;    3;   0.2;   6;    5.367;   0;   5.6;   9.5;  997.01;   10.7;   75.04;   15.7;    6.1;    1.6;eor
       2932;20220531;   10;  15.8;   2.4;    3;   4.5;   6;    8.350;   0;   5.8;   9.9;  998.13;   12.6;   71.67;   21.2;    5.3;    1.7;eor
       2932;20220601;   10;  12.0;   4.2;    3;   0.1;   6;    8.017;   0;   5.3;  10.7;  998.48;   13.3;   72.88;   20.6;    7.4;    4.0;eor
       2932;20220602;   10;   7.2;   2.6;    3;   0.0;   0;   13.233;   0;   2.5;  10.0; 1004.70;   13.6;   66.96;   20.4;    6.8;    4.3;eor
       2932;20220603;   10;   9.3;   3.3;    3;   3.1;   6;   12.583;   0;   4.8;  11.6; 1002.95;   18.5;   56.46;   26.1;    7.4;    5.7;eor
       2932;20220604;   10;   7.4;   2.5;    3;   0.0;   6;    8.383;   0;   5.8;  14.2; 1003.13;   18.8;   67.58;   24.3;   14.5;   10.8;eor
       2932;20220605;   10;  11.8;   4.6;    3;   1.3;   6;    9.950;   0;   5.2;  15.4; 1000.57;   20.2;   66.54;   27.2;   12.2;   11.1;eor
       2932;20220606;   10;  13.2;   4.6;    3;   0.2;   6;    9.667;   0;   5.3;  15.4;  998.82;   19.3;   70.00;   25.9;   14.6;    9.9;eor
       2932;20220607;   10;  11.7;   3.6;    3;   0.0;   0;   10.050;   0;   5.5;  12.5;  997.18;   19.0;   59.38;   24.5;   13.6;   10.4;eor
       2932;20220608;   10;   9.3;   3.7;    3;   0.1;   6;   10.550;   0;   6.0;  13.8;  993.20;   19.9;   60.38;   25.6;   13.7;   11.1;eor
       2932;20220609;   10;   7.9;   3.3;    3;   0.3;   6;    3.033;   0;   7.0;  14.1;  996.81;   17.3;   72.33;   22.2;   13.3;   11.8;eor
       2932;20220610;   10;   9.6;   2.9;    3;   0.0;   0;   13.383;   0;   2.8;  12.3; 1005.96;   18.4;   61.46;   25.2;   10.8;    7.1;eor
       2932;20220611;   10;  11.3;   3.0;    3;   0.4;   6;    9.017;   0;   4.0;  13.5; 1005.99;   20.7;   57.08;   27.0;   13.7;    8.9;eor
       2932;20220612;   10;  11.0;   2.9;    3;   0.0;   0;   12.450;   0;   4.2;  13.7; 1003.51;   21.0;   57.58;   28.0;   14.9;   11.3;eor
       2932;20220613;   10;  13.2;   3.6;    3;   1.3;   6;    6.000;   0;   5.6;  10.7; 1003.38;   15.8;   60.50;   21.4;   10.2;    7.3;eor
       2932;20220614;   10;   8.2;   2.3;    3;   0.0;   0;   13.167;   0;   6.1;  10.0; 1006.08;   15.4;   59.46;   22.0;    8.0;    4.9;eor
       2932;20220615;   10;   7.5;   2.2;    3;   0.0;   6;   15.433;   0;   2.7;  10.7; 1002.35;   19.9;   49.67;   28.4;    9.1;    7.1;eor
       2932;20220616;   10;  10.5;   3.4;    3;   0.0;   6;    9.467;   0;   4.7;  11.7; 1002.77;   19.0;   55.04;   26.1;   13.5;    9.3;eor
       2932;20220617;   10;   8.1;   2.4;    3;   0.0;   0;   12.467;   0;   5.9;  11.2; 1007.53;   20.0;   50.50;   27.3;   10.5;    6.3;eor
       2932;20220618;   10;  12.2;   4.5;    3;   0.0;   0;   14.267;   0;   1.2;  14.6; 1000.39;   26.2;   44.67;   34.5;   16.7;   14.8;eor
       2932;20220619;   10;  14.9;   5.9;    3;  12.0;   8;   12.733;   0;   2.9;  16.6;  992.71;   26.5;   50.63;   37.0;   15.2;   14.4;eor
       2932;20220620;   10;  15.3;   4.1;    3;   4.0;   6;    2.717;   0;   6.3;  14.7;  996.57;   14.2;   90.04;   16.2;   10.8;    8.4;eor
       2932;20220621;   10;   8.7;   3.0;    3;   0.0;   0;   14.033;   0;   4.3;  11.3;  998.94;   16.5;   62.75;   23.2;    8.2;    6.3;eor
       2932;20220622;   10;   7.2;   2.3;    3;   0.0;   0;   15.517;   0;   3.2;  11.9;  996.35;   20.6;   52.17;   27.5;   11.8;   10.3;eor
       2932;20220623;   10;   7.5;   2.5;    3;   0.0;   0;   15.533;   0;   0.2;  12.2;  997.31;   22.8;   48.04;   31.1;   12.1;    8.9;eor
       2932;20220624;   10;  12.3;   4.4;    3;   0.0;   6;   10.683;   0;   4.3;  16.2;  992.93;   22.6;   60.29;   29.2;   15.7;   12.8;eor
       2932;20220625;   10;   9.6;   3.5;    3;   0.0;   0;    8.967;   0;   5.8;  17.8;  995.98;   23.0;   65.75;   29.0;   17.4;   16.4;eor
       2932;20220626;   10;   7.0;   1.9;    3;   0.0;   0;   13.433;   0;   4.1;  16.6;  997.96;   25.6;   54.46;   33.1;   17.5;   14.5;eor
       2932;20220627;   10;  11.7;   3.7;    3;   1.8;   6;   10.500;   0;   5.8;  18.6;  998.12;   25.2;   60.13;   33.3;   17.9;   16.6;eor
       2932;20220628;   10;   8.2;   2.3;    3;   0.0;   0;   10.633;   0;   5.1;  14.2; 1004.54;   20.2;   63.08;   25.8;   16.0;   12.8;eor
       2932;20220629;   10;  11.7;   4.0;    3;   0.2;   6;    2.067;   0;   7.1;  17.0; 1000.12;   19.5;   74.75;   24.1;   15.3;   14.7;eor
       2932;20220630;   10;   8.2;   2.2;    3;   0.9;   6;   10.650;   0;   5.4;  19.1;  996.14;   23.8;   65.75;   30.6;   17.7;   17.4;eor
       2932;20220701;   10;  13.5;   3.7;    3;   3.9;   6;    0.850;   0;   6.4;  17.2; 1000.81;   16.8;   89.08;   22.6;   13.8;   11.4;eor
       2932;20220702;   10;   9.3;   3.1;    3;   0.0;   0;   14.767;   0;   2.2;  12.9; 1006.50;   20.0;   59.08;   26.3;   12.4;   10.5;eor
       2932;20220703;   10;  10.8;   3.2;    3;   0.0;   0;   13.250;   0;   2.1;  13.4; 1001.08;   24.1;   46.75;   31.2;   15.7;   14.3;eor
       2932;20220704;   10;   8.9;   3.1;    3;   0.0;   0;   11.183;   0;   2.9;  13.0; 1002.56;   20.4;   55.88;   26.5;   14.7;   10.4;eor
       2932;20220705;   10;  14.6;   2.7;    3;   0.0;   6;   11.133;   0;   3.6;  11.8; 1004.15;   20.0;   51.63;   26.4;   13.1;    9.4;eor
       2932;20220706;   10;  11.1;   3.5;    3;   4.4;   6;    7.600;   0;   6.1;  10.3; 1006.00;   17.3;   53.21;   21.6;   12.7;    8.4;eor
       2932;20220707;   10;  14.7;   5.2;    3;   8.4;   6;    0.467;   0;   7.4;  14.2; 1003.12;   14.9;   83.25;   20.1;   12.2;   11.5;eor
       2932;20220708;   10;  12.9;   4.6;    3;   0.0;   0;    3.417;   0;   5.8;  12.7; 1010.75;   16.5;   68.42;   21.7;   13.3;   10.9;eor
       2932;20220709;   10;  11.8;   3.6;    3;   0.7;   6;    2.417;   0;   6.3;  14.0; 1007.58;   17.0;   72.96;   23.2;   12.9;   10.4;eor
       2932;20220710;   10;  12.0;   4.5;    3;   0.6;   6;    2.600;   0;   6.6;  10.9; 1005.24;   15.2;   64.17;   20.5;   10.2;    8.3;eor
       2932;20220711;   10;   9.4;   3.1;    3;   0.0;   0;   12.183;   0;   3.3;  11.5; 1005.77;   16.9;   62.96;   23.3;    8.7;    6.6;eor
       2932;20220712;   10;  10.3;   2.7;    3;   0.0;   0;   14.783;   0;   3.3;  13.1; 1007.36;   20.0;   59.96;   26.8;   12.0;   10.3;eor
       2932;20220713;   10;  14.4;   4.4;    3;   0.0;   6;    3.933;   0;   6.5;  14.0; 1003.23;   24.0;   49.71;   32.2;   15.5;   12.1;eor
       2932;20220714;   10;  13.2;   3.0;    3;   0.0;   6;    4.517;   0;   5.5;  12.9; 1001.80;   19.3;   57.75;   24.6;   13.5;   11.3;eor
       2932;20220715;   10;  10.1;   3.4;    3;   0.0;   6;    6.933;   0;   5.3;  10.1; 1004.53;   16.3;   56.33;   21.4;   10.7;    8.2;eor
       2932;20220716;   10;  14.9;   4.9;    3;   0.0;   6;    7.183;   0;   5.3;  10.4; 1005.10;   17.1;   54.29;   23.0;   11.5;    8.3;eor
       2932;20220717;   10;  10.3;   2.3;    3;   0.0;   0;   14.067;   0;   4.3;   9.6; 1010.39;   17.5;   50.75;   25.3;    8.5;    5.2;eor
       2932;20220718;   10;   6.0;   1.8;    3;   0.0;   0;   13.600;   0;   5.0;  10.8; 1007.68;   22.4;   42.50;   29.8;   12.2;    8.6;eor
       2932;20220719;   10;   6.5;   2.7;    3;   0.0;   0;   14.850;   0;   1.3;  12.1; 1003.32;   27.5;   36.21;   36.1;   17.2;   14.7;eor
       2932;20220720;   10;  11.1;   4.3;    3;   0.0;   0;   14.550;   0;   3.8;  14.0; 1000.83;   30.1;   34.88;   37.7;   20.2;   17.6;eor
       2932;20220721;   10;  13.5;   5.2;    3;   0.2;   6;    6.833;   0;   6.3;  16.8; 1001.53;   25.2;   52.88;   30.9;   20.6;   19.5;eor
       2932;20220722;   10;   8.4;   3.2;    3;   3.2;   6;    6.083;   0;   6.0;  16.8; 1002.46;   21.7;   65.83;   27.4;   16.1;   15.5;eor
       2932;20220723;   10;  12.0;   2.3;    3;   0.9;   6;    5.283;   0;   5.1;  15.5; 1002.25;   18.4;   74.17;   24.8;   14.6;   11.9;eor
       2932;20220724;   10;   8.7;   1.8;    3;   0.0;   0;   15.033;   0;   3.1;  12.8; 1003.24;   21.9;   51.54;   29.8;   12.8;    9.6;eor
       2932;20220725;   10;  23.8;   4.8;    3;  10.9;   6;   10.317;   0;   4.4;  16.9;  994.72;   25.7;   55.25;   36.0;   17.7;   15.9;eor
       2932;20220726;   10;  12.0;   4.0;    3;   0.0;   6;    5.750;   0;   6.5;  16.3;  998.16;   20.1;   70.29;   25.1;   16.6;   15.6;eor
       2932;20220727;   10;   7.9;   2.7;    3;   0.0;   0;    8.100;   0;   4.6;  10.8; 1002.20;   17.2;   55.88;   22.4;   12.6;    9.3;eor
       2932;20220728;   10;   9.1;   2.8;    3;   0.0;   0;   12.933;   0;   4.8;  10.7; 1002.89;   18.0;   54.75;   25.1;    9.9;    8.5;eor
       2932;20220729;   10;  10.3;   2.9;    3;  19.2;   6;    6.733;   0;   6.8;  13.1; 1000.15;   21.5;   52.83;   29.0;   14.9;   13.8;eor
       2932;20220730;   10;   6.7;   2.8;    3;   2.9;   6;    1.350;   0;   7.0;  18.1; 1001.05;   17.7;   89.67;   21.4;   14.8;   12.7;eor
       2932;20220731;   10;   9.8;   3.6;    3;   0.5;   6;    9.400;   0;   4.9;  16.2; 1000.10;   20.9;   68.79;   28.0;   13.4;   11.8;eor
       2932;20220801;   10;  10.1;   3.5;    3;   0.3;   6;    6.050;   0;   7.0;  17.9;  999.78;   21.0;   72.88;   25.1;   17.9;   16.2;eor
       2932;20220802;   10;   9.8;   1.8;    3;   0.0;   0;   12.117;   0;   6.0;  14.4; 1002.10;   21.7;   57.79;   28.5;   14.7;   12.7;eor
       2932;20220803;   10;   6.7;   2.1;    3;   0.0;   0;   14.467;   0;   2.7;  14.2; 1000.16;   25.4;   46.63;   32.6;   15.7;   13.9;eor
       2932;20220804;   10;  11.5;   3.0;    3;   0.0;   0;   12.983;   0;   3.7;  15.7;  997.43;   28.3;   43.08;   36.4;   18.9;   16.7;eor
       2932;20220805;   10;  16.6;   3.4;    3;   0.4;   6;    4.833;   0;   6.0;  18.1;  999.50;   21.7;   70.46;   30.2;   16.3;   14.9;eor
       2932;20220806;   10;  10.5;   2.9;    3;   0.0;   0;   12.283;   0;   3.1;  10.7; 1009.48;   17.1;   56.92;   22.2;   11.4;   10.0;eor
       2932;20220807;   10;   6.9;   2.0;    3;   0.0;   0;   14.050;   0;   2.4;  10.1; 1008.32;   18.3;   50.83;   25.2;    9.7;    7.2;eor
       2932;20220808;   10;   6.7;   1.9;    3;   0.0;   0;   13.567;   0;   1.1;  10.9; 1007.95;   20.3;   47.63;   27.1;   11.4;    9.0;eor
       2932;20220809;   10;   7.2;   2.3;    3;   0.0;   0;   12.667;   0;   3.6;  12.1; 1010.30;   20.6;   52.08;   28.1;   12.6;   10.6;eor
       2932;20220810;   10;   8.7;   2.4;    3;   0.0;   0;   12.033;   0;   2.8;  12.5; 1009.81;   21.7;   50.71;   29.2;   13.4;   11.6;eor
       2932;20220811;   10;   8.7;   2.6;    3;   0.0;   0;   13.667;   0;   2.1;  11.5; 1006.70;   22.6;   44.04;   29.5;   13.8;   11.1;eor
       2932;20220812;   10;  12.2;   3.8;    3;   0.0;   0;   12.933;   0;   1.8;  12.0; 1004.66;   22.2;   46.42;   28.5;   14.1;   11.0;eor
       2932;20220813;   10;   9.3;   2.9;    3;   0.0;   0;    7.950;   0;   4.1;  16.2; 1001.57;   21.5;   63.29;   26.7;   14.4;   12.2;eor
       2932;20220814;   10;  10.3;   3.2;    3;   0.0;   0;    9.867;   0;   5.8;  17.5;  994.85;   23.8;   62.46;   31.4;   16.5;   14.6;eor
       2932;20220815;   10;  15.4;   2.8;    3;   2.6;   6;    4.717;   0;   5.1;  19.0;  989.38;   22.3;   73.04;   31.9;   17.7;   15.7;eor
       2932;20220816;   10;   7.7;   3.0;    3;   0.0;   0;   12.883;   0;   2.0;  17.2;  993.57;   23.4;   62.33;   29.6;   17.2;   15.6;eor
       2932;20220817;   10;   7.5;   1.8;    3;   0.0;   0;    7.867;   0;   5.5;  15.8;  995.10;   25.1;   53.38;   32.9;   17.5;   14.7;eor
       2932;20220818;   10;  10.8;   3.1;    3;   7.8;   6;    1.533;   0;   6.6;  18.4;  994.96;   22.2;   68.63;   25.5;   18.2;   16.2;eor
       2932;20220819;   10;   9.1;   3.1;    3;   1.7;   6;    0.417;   0;   7.7;  19.8;  995.94;   19.7;   86.33;   22.3;   18.5;   18.0;eor
       2932;20220820;   10;   6.5;   1.6;    3;   7.4;   6;    0.000;   0;   7.7;  20.0;  999.24;   18.9;   91.25;   21.9;   16.8;   16.4;eor
       2932;20220821;   10;   5.0;   1.9;    3;   0.0;   0;    7.767;   0;   5.3;  15.6; 1000.13;   19.3;   71.42;   25.0;   15.7;   12.3;eor
       2932;20220822;   10;   6.9;   2.3;    3;   0.0;   0;    8.300;   0;   6.3;  14.6; 1000.84;   19.3;   67.04;   25.3;   12.6;   10.6;eor
       2932;20220823;   10;   7.5;   2.0;    3;   0.0;   0;    8.650;   0;   3.0;  15.3; 1002.56;   19.4;   69.79;   25.8;   12.8;   10.6;eor
       2932;20220824;   10;   6.2;   1.9;    3;   0.0;   0;   13.067;   0;   1.2;  17.3; 1004.32;   21.5;   69.25;   27.7;   14.2;   11.5;eor
       2932;20220825;   10;   9.6;   3.3;    3;   0.0;   0;    8.717;   0;   3.0;  20.2; 1001.78;   23.2;   72.58;   29.2;   17.4;   16.5;eor
       2932;20220826;   10;  10.3;   2.0;    3;   3.3;   6;    4.883;   0;   5.6;  21.5;  997.11;   21.8;   83.42;   30.9;   17.8;   17.1;eor
       2932;20220827;   10;  10.5;   3.3;    3;   3.2;   6;    0.367;   0;   7.5;  20.2;  997.44;   19.5;   89.13;   22.6;   18.4;   17.7;eor
       2932;20220828;   10;   9.1;   3.3;    3;   0.0;   0;    9.533;   0;   4.3;  13.6; 1001.42;   18.5;   65.04;   23.4;   14.1;   11.6;eor
       2932;20220829;   10;   6.7;   2.5;    3;   0.0;   0;   11.267;   0;   4.8;  13.2; 1004.52;   17.6;   66.42;   23.5;   11.0;    8.4;eor
       2932;20220830;   10;   7.4;   2.3;    3;   0.0;   0;    8.517;   0;   4.3;  15.2; 1005.23;   17.9;   75.29;   23.2;   12.4;   10.0;eor
       2932;20220831;   10;   8.7;   3.0;    3;   0.0;   0;    4.517;   0;   6.9;  13.2; 1006.24;   17.2;   68.17;   21.8;   14.1;   11.9;eor
       2932;20220901;   10;   7.2;   2.7;    3;   0.0;   0;    7.400;   0;   2.1;  11.6; 1005.84;   16.6;   63.38;   22.2;   10.9;    9.4;eor
       2932;20220902;   10;  10.8;   4.5;    3;   0.0;   0;    8.133;   0;   3.4;  10.6; 1003.25;   16.7;   58.83;   23.6;   10.0;    8.7;eor
       2932;20220903;   10;  10.3;   4.2;    3;   0.0;   0;   10.900;   0;   4.6;  10.8; 1000.55;   17.7;   55.25;   23.5;   11.7;   10.9;eor
       2932;20220904;   10;   7.7;   3.7;    3;   0.0;   0;    7.850;   0;   3.5;  13.3; 1004.03;   19.4;   60.13;   25.7;   14.0;   13.1;eor
       2932;20220905;   10;   8.7;   4.2;    3;   0.0;   6;   10.583;   0;   1.5;  15.0; 1006.15;   20.0;   65.42;   26.9;   13.6;   12.1;eor
       2932;20220906;   10;   8.2;   3.8;    3;   0.0;   6;    5.983;   0;   4.7;  15.4; 1002.19;   18.7;   72.08;   24.9;   14.6;   13.4;eor
       2932;20220907;   10;  10.1;   2.8;    3;   2.7;   6;    6.650;   0;   4.6;  16.8;  997.10;   20.8;   71.50;   28.9;   13.6;   12.7;eor
       2932;20220908;   10;  13.4;   3.7;    3;   5.8;   6;    1.283;   0;   5.8;  17.3;  993.57;   17.4;   86.67;   20.3;   14.3;   11.4;eor
       2932;20220909;   10;  12.0;   4.5;    3;   0.3;   6;    7.533;   0;   2.9;  13.9;  995.66;   17.7;   69.42;   24.3;   13.0;   11.5;eor
       2932;20220910;   10;   9.6;   3.6;    3;   1.2;   6;    4.783;   0;   4.6;  13.9;  996.76;   16.1;   76.58;   21.1;   12.8;   10.5;eor
       2932;20220911;   10;   8.9;   2.8;    3;   0.4;   6;    3.783;   0;   4.6;  14.5; 1000.85;   14.9;   85.88;   19.6;   11.9;    9.7;eor
       2932;20220912;   10;   5.7;   2.3;    3;   0.0;   0;    7.817;   0;   3.1;  13.3; 1000.60;   15.9;   75.33;   21.7;   10.6;    7.7;eor
       2932;20220913;   10;  10.1;   3.7;    3;   0.4;   6;    2.200;   0;   5.7;  14.9;  993.65;   17.7;   75.00;   25.0;   12.5;   11.1;eor
       2932;20220914;   10;   4.6;   1.5;    3;   7.2;   6;    0.000;   0;   7.5;  14.6;  989.83;   14.7;   86.83;   16.7;   12.9;   12.0;eor
       2932;20220915;   10;  12.9;   3.8;    3;   1.7;   6;    2.817;   0;   6.8;  13.0;  989.55;   14.1;   81.88;   17.9;   11.0;    8.8;eor
       2932;20220916;   10;  14.4;   6.6;    3;   0.1;   6;    7.783;   0;   5.0;  10.4;  990.66;   13.0;   70.21;   17.9;    9.5;    8.2;eor
       2932;20220917;   10;  15.4;   7.0;    3;   7.3;   6;    3.133;   0;   6.7;  10.1;  991.35;   11.6;   74.79;   16.9;    8.5;    8.1;eor
       2932;20220918;   10;  17.1;   7.3;    3;   3.8;   6;    4.150;   0;   5.8;   9.9;  993.23;    9.9;   81.92;   14.8;    7.0;    5.9;eor
       2932;20220919;   10;  12.2;   4.7;    3;   4.0;   6;    2.383;   0;   6.8;  11.0;  997.87;   10.7;   86.00;   16.4;    8.5;    7.2;eor
       2932;20220920;   10;   9.6;   3.0;    3;   0.0;   6;    6.217;   0;   4.6;  10.1; 1004.62;   10.9;   78.25;   15.7;    6.2;    4.1;eor
       2932;20220921;   10;   5.8;   2.1;    3;   0.0;   0;    9.017;   0;   2.6;   9.7; 1009.61;   10.4;   77.96;   16.7;    4.8;    2.5;eor
       2932;20220922;   10;   5.7;   1.8;    3;   0.0;   0;   10.767;   0;   1.0;   9.1; 1007.82;   10.6;   72.58;   16.5;    5.4;    1.9;eor
       2932;20220923;   10;   6.2;   2.9;    3;   0.0;   0;    9.917;   0;   2.9;   9.4; 1001.92;   11.5;   70.75;   18.5;    4.8;    1.9;eor
       2932;20220924;   10;   5.7;   2.4;    3;   0.0;   6;    4.967;   0;   7.5;  10.6;  996.90;   13.1;   70.92;   19.5;    8.1;    6.2;eor
       2932;20220925;   10;   7.0;   2.0;    3;   0.0;   6;    4.483;   0;   6.2;  11.7;  995.50;   12.7;   80.71;   18.7;    7.2;    5.0;eor
       2932;20220926;   10;  12.3;   5.0;    3;   1.2;   6;    6.650;   0;   5.2;  10.5;  988.23;   13.0;   71.33;   18.1;    8.6;    6.0;eor
       2932;20220927;   10;  14.7;   5.6;    3;   1.0;   6;    1.467;   0;   6.8;  10.3;  980.50;   10.7;   80.42;   14.4;    7.1;    4.9;eor
       2932;20220928;   10;   5.3;   2.6;    3;   4.4;   6;    0.517;   0;   5.3;   9.2;  981.50;    7.6;   88.63;   10.6;    5.2;    2.7;eor
       2932;20220929;   10;   5.7;   2.1;    3;   0.0;   0;    7.983;   0;   3.1;   9.2;  987.56;    9.2;   80.13;   15.2;    4.0;    0.9;eor
       2932;20220930;   10;   7.2;   2.6;    3;   0.0;   0;   10.050;   0;   0.7;   9.1;  994.86;   10.0;   75.79;   16.5;    3.7;    1.0;eor
       2932;20221001;    3;  13.2;   6.4;    3;   3.8;   6;    0.567;   0;   5.1;  10.6;  992.67;   10.4;   83.38;   14.0;    6.7;    4.6;eor
       2932;20221002;    3;  13.9;   5.9;    3;   0.1;   6;    5.567;   0;   3.9;  11.6;  999.83;   12.5;   80.00;   17.5;    9.4;    7.6;eor
       2932;20221003;    3;  12.2;   4.6;    3;   0.0;   6;    2.267;   0;   6.7;  11.4; 1007.02;   12.2;   80.50;   15.9;    8.7;    7.3;eor
       2932;20221004;    3;   8.2;   4.1;    3;   0.0;   0;    7.250;   0;   3.8;  11.1; 1006.17;   12.8;   75.88;   17.8;    8.2;    6.1;eor
       2932;20221005;    3;  12.7;   5.8;    3;   0.0;   6;    9.167;   0;   1.4;  12.2; 1002.53;   14.6;   73.54;   20.3;    8.4;    6.3;eor
       2932;20221006;    3;  11.8;   4.5;    3;   0.0;   6;    9.017;   0;   1.7;  11.0; 1011.09;   14.5;   66.96;   18.4;    7.9;    3.0;eor
       2932;20221007;    3;   8.7;   3.2;    3;   0.0;   0;   10.517;   0;   1.4;  10.3; 1007.75;   11.9;   75.54;   18.6;    6.0;    2.2;eor
       2932;20221008;    3;  12.2;   4.7;    3;   0.0;   6;    3.317;   0;   5.4;  10.8; 1003.75;   11.9;   78.08;   16.4;    6.5;    3.0;eor
       2932;20221009;    3;   7.7;   3.2;    3;   0.0;   0;   10.650;   0;   0.0;   8.8; 1008.74;    9.3;   76.63;   16.0;    3.6;    0.2;eor
       2932;20221010;    3;  10.3;   4.4;    3;   0.0;   0;    8.733;   0;   3.0;  10.3; 1001.55;   11.8;   74.58;   19.1;    3.8;    1.2;eor
       2932;20221011;    3;   8.6;   2.0;    3;   0.0;   0;    8.550;   0;   1.8;   9.3; 1009.21;   10.6;   74.25;   16.0;    5.2;    1.2;eor
       2932;20221012;    3;   6.2;   2.0;    3;   0.0;   0;    9.950;   0;   1.5;   9.0; 1008.45;    9.6;   76.88;   17.1;    2.2;   -0.9;eor
       2932;20221013;    3;   8.7;   3.4;    3;   0.0;   0;    4.033;   0;   5.6;  11.3; 1003.07;   12.5;   78.50;   17.6;    8.0;    4.4;eor
       2932;20221014;    3;   8.7;   3.7;    3;   0.2;   6;    2.917;   0;   7.1;  12.6;  997.93;   14.4;   77.04;   18.5;    9.6;    7.5;eor
       2932;20221015;    3;   9.8;   3.9;    3;   0.0;   6;    1.383;   0;   7.2;  14.7;  993.49;   15.9;   81.50;   20.1;   13.6;   12.3;eor
       2932;20221016;    3;   8.9;   3.4;    3;   0.1;   6;    2.300;   0;   7.1;  15.5; 1001.13;   16.4;   83.08;   21.2;   13.3;   10.7;eor
       2932;20221017;    3;   9.3;   4.5;    3;   0.1;   6;    9.150;   0;   2.5;  15.0; 1006.82;   18.9;   70.71;   26.6;   14.3;   11.2;eor
       2932;20221018;    3;   7.5;   2.0;    3;  18.9;   6;    0.133;   0;   6.3;  15.3; 1009.90;   14.3;   93.33;   16.6;    7.9;    5.2;eor
       2932;20221019;    3;   5.7;   2.3;    3;   0.0;   0;    0.033;   0;   4.8;   9.4; 1011.48;    8.8;   82.29;   11.7;    3.4;    1.4;eor
       2932;20221020;    3;   8.6;   4.0;    3;   1.0;   6;    8.750;   0;   2.4;   8.5; 1003.83;    8.4;   77.42;   15.1;    1.1;   -0.9;eor
       2932;20221021;    3;  10.6;   4.7;    3;   3.4;   6;    1.883;   0;   6.8;  12.4;  995.78;   13.3;   80.88;   15.9;   11.4;   10.1;eor
       2932;20221022;    3;  11.7;   4.4;    3;   0.0;   0;    5.767;   0;   4.3;  13.7;  998.37;   14.4;   84.17;   19.1;   10.2;    6.7;eor
       2932;20221023;    3;  12.9;   4.0;    3;   3.4;   6;    4.067;   0;   5.0;  13.0;  998.62;   14.2;   80.92;   19.6;   10.0;    7.3;eor
       2932;20221024;    3;  13.4;   5.7;    3;   0.0;   0;    1.267;   0;   3.9;  13.9;  995.62;   15.4;   79.75;   18.5;   12.9;   11.1;eor
       2932;20221025;    3;  12.5;   5.1;    3;   0.0;   6;    4.150;   0;   3.8;  12.2; 1000.35;   13.5;   79.54;   17.3;    8.7;    5.6;eor
       2932;20221026;    3;   6.7;   3.7;    3;   0.0;   0;    3.183;   0;   5.9;  12.2; 1003.22;   12.5;   84.33;   17.7;    7.8;    4.6;eor
       2932;20221027;    3;   8.2;   3.7;    3;   0.0;   6;    8.833;   0;   3.0;  13.5; 1008.74;   14.7;   81.13;   20.7;    9.8;    6.9;eor
       2932;20221028;    3;   8.7;   4.9;    3;   0.0;   6;    1.933;   0;   7.5;  14.2; 1005.14;   17.3;   72.58;   22.6;   13.8;   11.5;eor
       2932;20221029;    3;   5.7;   2.6;    3;   0.0;   6;    2.183;   0;   6.3;  14.5; 1005.33;   16.1;   79.25;   20.0;   12.6;    8.7;eor
       2932;20221030;    3;   6.2;   3.3;    3;   0.0;   0;    8.050;   0;   4.0;  13.8; 1002.81;   16.6;   74.17;   22.6;   13.0;    8.9;eor
       2932;20221031;    3;   6.0;   2.4;    3;   0.0;   0;    5.783;   0;   3.9;  13.2; 1003.88;   13.2;   86.54;   16.8;    9.4;    5.5;eor
       2932;20221101;    3;  10.3;   4.3;    3;   0.0;   6;    2.117;   0;   5.6;  12.4; 1000.79;   13.1;   82.13;   17.7;    8.7;    5.9;eor
       2932;20221102;    3;  15.8;   5.8;    3;   0.0;   0;    7.633;   0;   2.4;   9.1; 1004.93;   10.4;   72.79;   15.7;    5.5;    1.3;eor
       2932;20221103;    3;   8.4;   4.5;    3;   3.1;   6;    5.033;   0;   5.9;   8.8;  997.73;    9.2;   76.33;   14.5;    5.4;    3.8;eor
       2932;20221104;    3;   8.2;   3.0;    3;   0.9;   6;    0.000;   0;   7.6;  10.4;  990.78;    9.8;   85.83;   10.9;    7.5;    6.3;eor
       2932;20221105;    3;   7.7;   3.5;    3;   0.0;   0;    8.000;   0;   3.8;   8.9; 1000.69;    7.9;   83.83;   12.3;    4.3;    1.0;eor
       2932;20221106;    3;   9.8;   5.1;    3;   0.0;   0;    8.550;   0;   3.3;   8.0;  999.76;    7.6;   77.46;   12.1;    4.1;    2.7;eor
       2932;20221107;    3;  13.9;   5.8;    3;   0.0;   0;    3.617;   0;   5.3;   9.6;  997.83;   10.5;   75.38;   13.6;    6.3;    1.8;eor
       2932;20221108;    3;  10.1;   5.0;    3;   0.1;   6;    7.700;   0;   3.3;   9.9;  996.97;   11.6;   73.25;   16.7;    7.7;    6.1;eor
       2932;20221109;    3;  12.2;   5.4;    3;   0.2;   6;    1.567;   0;   7.4;  11.1;  996.19;   12.6;   75.50;   15.4;   10.3;    8.5;eor
       2932;20221110;    3;  12.3;   5.7;    3;   0.0;   0;    7.950;   0;   2.6;   9.8; 1007.90;   10.1;   79.38;   14.3;    7.5;    5.3;eor
       2932;20221111;    3;  10.8;   4.9;    3;   0.0;   0;    3.367;   0;   6.2;   9.0; 1014.93;    9.5;   76.29;   15.1;    6.6;    3.4;eor
       2932;20221112;    3;   6.0;   2.7;    3;   0.0;   0;    4.800;   0;   4.8;   8.3; 1016.15;    7.0;   83.04;   11.7;    2.6;   -0.1;eor
       2932;20221113;    3;   7.0;   2.9;    3;   0.0;   0;    1.233;   0;   5.0;   7.4; 1010.09;    3.0;   96.71;    6.1;   -0.6;   -2.0;eor
       2932;20221114;    3;   7.7;   3.5;    3;   0.0;   0;    7.883;   0;   1.9;   7.7; 1001.40;    5.4;   86.58;   12.9;   -0.8;   -1.8;eor
       2932;20221115;    3;   8.4;   4.1;    3;   0.0;   0;    7.833;   0;   2.5;   8.8;  995.12;    8.9;   78.67;   15.4;    5.0;    3.0;eor
       2932;20221116;    3;   9.6;   4.4;    3;   6.1;   6;    0.000;   0;   7.6;   8.3;  988.22;    5.4;   93.00;    6.9;    3.6;    2.4;eor
       2932;20221117;    3;  13.7;   7.5;    3;   7.2;   6;    0.000;   0;   7.7;   7.9;  983.45;    4.6;   92.83;    5.5;    3.3;    3.3;eor
       2932;20221118;    3;  10.3;   4.9;    3;   0.1;   8;    0.000;   0;   7.8;   5.9;  989.30;    0.6;   90.08;    4.4;   -3.1;   -4.3;eor
       2932;20221119;    3;   4.6;   2.1;    3;   0.0;   0;    8.317;   0;   1.8;   3.8;  997.50;   -3.6;   81.79;    0.3;   -6.5;   -8.6;eor
       2932;20221120;    3;   7.7;   3.7;    3;   1.5;   8;    7.917;   0;   2.0;   4.2;  993.91;   -3.4;   86.83;    0.3;   -6.8;   -8.5;eor
       2932;20221121;    3;   7.2;   3.2;    3;   0.0;   8;    0.583;   2;   6.8;   5.3;  987.47;   -1.1;   93.67;    0.4;   -2.6;   -3.7;eor
       2932;20221122;    3;   7.7;   4.0;    3;   0.0;   6;    0.033;   0;   7.7;   6.3;  984.10;    1.5;   91.50;    5.1;   -2.3;   -3.1;eor
       2932;20221123;    3;   7.2;   4.2;    3;   0.0;   6;    5.567;   0;   4.7;   7.3;  987.82;    4.7;   85.75;    9.1;    1.6;   -0.4;eor
       2932;20221124;    3;   8.2;   3.5;    3;   0.4;   6;    0.367;   0;   7.0;   8.4;  995.15;    6.0;   88.88;   10.2;    2.1;    0.5;eor
       2932;20221125;    3;   6.7;   4.0;    3;   2.3;   6;    1.767;   0;   5.5;   8.2; 1001.39;    5.5;   90.96;    9.4;    2.3;   -1.1;eor
       2932;20221126;    3;   7.0;   3.7;    3;   0.0;   0;    3.083;   0;   4.5;   8.2; 1012.05;    5.4;   90.71;   10.1;    1.3;   -0.9;eor
       2932;20221127;    3;   8.2;   3.9;    3;   0.0;   6;    6.667;   0;   3.4;   6.6; 1009.12;    3.3;   85.88;    7.5;   -0.1;   -1.2;eor
       2932;20221128;    3;   6.7;   3.3;    3;   0.3;   6;    0.000;   0;   6.5;   6.5;  999.19;    3.9;   79.96;    5.9;    0.7;   -0.5;eor
       2932;20221129;    3;   4.8;   2.4;    3;   0.3;   6;    0.000;   0;   7.7;   8.2; 1001.64;    5.3;   92.04;    6.4;    4.0;    3.5;eor
       2932;20221130;    3;   7.5;   3.1;    3;   0.0;   0;    0.000;   0;   6.9;   7.1; 1007.28;    3.7;   89.38;    5.7;    0.7;   -0.4;eor
       2932;20221201;    3;   7.2;   3.5;    3;   8.0;   7;    0.000;   0;   7.7;   5.9; 1010.65;    0.0;   95.83;    1.3;   -0.6;   -0.5;eor
       2932;20221202;    3;   8.2;   3.6;    3;   4.7;   8;    0.000;   8;   7.8;   5.6; 1008.02;   -0.2;   93.88;    0.3;   -1.3;   -0.3;eor
       2932;20221203;    3;   6.7;   3.3;    3;   0.0;   7;    0.000;   8;   7.8;   5.3; 1005.57;   -1.1;   94.38;   -0.3;   -1.8;   -1.1;eor
       2932;20221204;    3;   6.7;   3.6;    3;   1.7;   6;    0.000;   6;   8.0;   6.1; 1001.55;    0.4;   97.04;    1.8;   -0.3;   -0.1;eor
       2932;20221205;    3;   5.7;   2.5;    3;   0.9;   6;    0.000;   0;   7.7;   6.7; 1001.32;    1.7;   97.21;    2.4;    0.2;   -2.2;eor
       2932;20221206;    3;   7.7;   3.6;    3;   1.9;   8;    0.000;   0;   8.0;   6.6;  999.73;    1.8;   94.29;    2.4;    0.8;   -0.3;eor
       2932;20221207;    3;  12.7;   5.1;    3;   0.5;   6;    0.150;   0;   7.4;   6.4;  995.77;    2.2;   89.17;    4.3;   -0.1;   -1.2;eor
       2932;20221208;    3;  10.8;   4.2;    3;   3.8;   8;    0.067;   0;   7.0;   6.2;  991.42;    2.2;   86.92;    4.9;    0.0;   -0.3;eor
       2932;20221209;    3;   7.7;   2.5;    3;   0.5;   8;    0.067;   0;   7.8;   6.0;  990.74;    0.5;   95.13;    1.4;   -0.8;   -1.9;eor
       2932;20221210;    3;   6.2;   3.2;    3;   0.3;   8;    0.000;   1;   7.8;   5.2;  993.02;   -1.0;   92.25;   -0.3;   -2.7;   -2.7;eor
       2932;20221211;    3;   6.2;   2.7;    3;   0.5;   8;    0.450;   0;   7.7;   4.1;  993.97;   -3.2;   84.25;   -2.6;   -3.7;   -4.1;eor
       2932;20221212;    3;   7.4;   3.1;    3;   0.0;   7;    0.067;   1;   6.9;   4.2;  995.70;   -3.2;   87.00;   -2.2;   -7.3;  -11.1;eor
       2932;20221213;    3;   5.0;   2.5;    3;   0.0;   0;    7.183;   1;   1.1;   3.0;  995.97;   -7.5;   85.83;   -3.9;  -10.9;  -13.9;eor
       2932;20221214;    3;   4.6;   2.2;    3;   0.0;   0;    0.000;   1;   6.1;   3.3;  988.35;   -6.6;   87.58;   -3.7;  -10.1;  -14.8;eor
       2932;20221215;    3;   7.0;   2.8;    3;   0.0;   7;    5.950;   0;   1.5;   3.0;  992.18;   -7.4;   86.42;   -3.2;  -11.5;  -14.4;eor
       2932;20221216;    3;   4.6;   2.1;    3;   0.0;   0;    6.283;   0;   5.1;   3.2;  998.01;   -7.2;   88.25;   -4.0;  -11.5;  -13.9;eor
       2932;20221217;    3;   3.1;   1.2;    3;   0.0;   7;    0.000;   0;   7.6;   4.0; 1010.10;   -5.3;   95.46;   -3.9;   -9.1;  -11.5;eor
       2932;20221218;    3;   5.1;   2.3;    3;   0.0;   0;    5.983;   0;   3.6;   3.0; 1015.31;   -7.7;   88.42;   -4.0;  -11.7;  -15.4;eor
       2932;20221219;    3;  11.8;   7.0;    3;  14.8;   8;    0.000;   0;   7.4;   5.3; 1006.76;    0.7;   80.46;    4.5;   -5.1;   -5.9;eor
       2932;20221220;    3;  10.8;   5.8;    3;   0.8;   6;    0.000;   0;   7.8;   7.1; 1000.48;    5.1;   80.92;    6.2;    4.0;    2.9;eor
       2932;20221221;    3;  11.1;   4.7;    3;   0.3;   6;    0.500;   0;   7.5;   9.0;  995.35;    7.2;   88.21;   10.1;    5.0;    3.3;eor
       2932;20221222;    3;  11.8;   5.0;    3;   5.3;   6;    0.000;   0;   7.8;   9.9;  989.39;    8.1;   91.17;   11.1;    5.0;    1.7;eor
       2932;20221223;    3;  11.5;   4.4;    3;   3.1;   6;    0.000;   0;   7.5;  10.1;  987.86;    8.5;   91.25;   10.5;    7.2;    6.7;eor
       2932;20221224;    3;  13.4;   6.4;    3;   0.0;   6;    2.067;   0;   5.5;   9.3;  995.05;    8.0;   87.04;   10.8;    3.0;    0.1;eor
       2932;20221225;    3;  11.5;   4.4;    3;   1.2;   6;    0.400;   0;   6.5;   9.2;  999.37;    7.2;   89.92;   11.7;    2.3;   -1.2;eor
       2932;20221226;    3;  11.7;   5.7;    3;   7.0;   6;    0.000;   0;   7.5;   9.6;  996.97;    9.2;   81.29;   11.6;    4.6;    3.6;eor
       2932;20221227;    3;  15.1;   6.9;    3;   0.1;   6;    5.500;   0;   4.6;   6.3; 1007.12;    4.0;   77.08;    6.3;    2.0;    0.8;eor
       2932;20221228;    3;  13.4;   6.9;    3;   0.3;   6;    0.567;   0;   7.5;   7.2;  998.96;    6.5;   74.13;    8.9;    3.0;    2.2;eor
       2932;20221229;    3;  16.5;   8.2;    3;   0.0;   6;    1.433;   0;   7.5;   8.6;  991.23;   10.0;   70.04;   13.9;    7.3;    5.6;eor
       2932;20221230;    3;  14.9;   7.3;    3;   0.5;   6;    5.350;   0;   4.6;   7.6;  995.74;    7.4;   73.38;   10.8;    4.0;    2.2;eor
       2932;20221231;    3;  18.5;   8.5;    3;   0.0;   0;    0.667;   0;   7.5;  11.7;  994.58;   14.7;   70.13;   17.9;   10.7;    9.7;eor
       2932;20230101;    3;  12.0;   6.5;    3;   0.0;   0;    0.683;   0;   7.2;   9.9; 1000.80;   14.1;   61.58;   15.8;   11.4;    9.2;eor
       2932;20230102;    3;  13.9;   6.4;    3;   3.4;   6;    1.067;   0;   7.7;   9.7; 1001.32;   12.8;   66.75;   16.1;    7.2;    5.7;eor
       2932;20230103;    3;   9.3;   4.3;    3;   0.2;   6;    5.767;   0;   3.5;   8.0; 1011.32;    6.3;   83.38;    8.6;    3.2;    0.7;eor
       2932;20230104;    3;  19.0;   9.4;    3;   1.0;   6;    0.000;   0;   6.3;   8.5; 1001.31;    7.9;   79.21;   11.3;    4.4;    3.1;eor
       2932;20230105;    3;  19.4;   7.6;    3;   2.8;   6;    0.367;   0;   7.5;   9.5;  999.83;    8.9;   83.58;   11.2;    5.3;    3.4;eor
       2932;20230106;    3;  14.2;   4.8;    3;   0.3;   6;    0.783;   0;   7.5;   9.6; 1002.66;    8.3;   88.17;   11.3;    5.7;    3.8;eor
       2932;20230107;    3;   9.1;   4.6;    3;   0.0;   6;    1.050;   0;   6.9;   8.7;  999.70;    8.3;   79.29;   10.6;    6.2;    4.8;eor
       2932;20230108;    3;   8.7;   4.7;    3;   4.5;   6;    0.017;   0;   7.0;   8.3;  989.57;    7.3;   80.83;    9.3;    5.1;    2.5;eor
       2932;20230109;    3;  15.3;   5.8;    3;   0.0;   6;    3.750;   0;   5.6;   8.0;  984.93;    6.5;   82.29;    9.1;    3.7;    2.0;eor
       2932;20230110;    3;  10.3;   5.8;    3;   0.1;   6;    0.283;   0;   7.2;   7.2; 1000.35;    5.3;   80.50;    7.1;    3.6;    2.1;eor
       2932;20230111;    3;  12.7;   6.9;    3;   3.0;   6;    0.000;   0;   7.3;   8.2;  996.48;    6.8;   83.00;    8.5;    4.6;    3.6;eor
       2932;20230112;    3;  21.4;   9.8;    3;   0.0;   6;    0.017;   0;   7.5;   8.3;  994.08;    8.8;   73.63;   10.4;    5.5;    4.1;eor
       2932;20230113;    3;  15.8;   8.2;    3;   3.9;   6;    3.467;   0;   5.7;   8.2;  992.16;    8.4;   73.92;   10.4;    5.4;    3.9;eor
       2932;20230114;    3;  16.5;   7.9;    3;   5.4;   6;    3.250;   0;   6.4;   7.8;  994.10;    7.0;   76.83;    9.6;    4.1;    2.5;eor
       2932;20230115;    3;  19.4;   9.0;    3;   0.8;   6;    0.933;   0;   4.6;   7.2;  985.02;    6.2;   75.25;   10.5;    3.7;    2.2;eor
       2932;20230116;    3;  14.7;   6.6;    3;   0.0;   6;    5.000;   0;   6.2;   5.7;  975.75;    4.6;   68.00;    7.1;    2.4;    1.2;eor
       2932;20230117;    3;  15.9;   6.4;    3;   0.0;   6;    4.283;   0;   6.1;   5.3;  970.67;    2.7;   71.42;    5.4;   -2.6;   -6.0;eor
       2932;20230118;    3;   6.0;   2.8;    3;   0.8;   7;    0.000;   0;   5.9;   5.0;  979.22;   -0.6;   85.92;    1.5;   -3.5;   -6.7;eor
       2932;20230119;    3;  11.7;   5.3;    3;   0.1;   8;    5.350;   0;   3.7;   4.6;  989.45;   -1.4;   82.17;    1.6;   -5.6;   -7.2;eor
       2932;20230120;    3;   4.1;   2.0;    3;   0.0;   0;    0.950;   0;   6.7;   5.2; 1000.13;   -0.1;   85.88;    2.3;   -3.0;   -5.2;eor
       2932;20230121;    3;  13.0;   5.0;    3;   3.4;   8;    0.017;   0;   7.4;   5.4; 1009.00;   -0.7;   92.54;    0.8;   -3.1;   -5.3;eor
       2932;20230122;    3;   7.2;   3.9;    3;   0.4;   8;    0.000;   2;   7.7;   6.0; 1012.27;    0.4;   95.13;    1.0;    0.1;   -0.1;eor
       2932;20230123;    3;   7.9;   3.8;    3;   0.0;   0;    0.000;   0;   8.0;   6.2; 1019.70;    0.9;   95.08;    1.6;    0.3;    0.1;eor
       2932;20230124;    3;   7.0;   3.3;    3;   0.0;   6;    0.000;   0;   7.9;   5.9; 1022.01;    0.6;   93.13;    1.0;    0.2;    0.2;eor
       2932;20230125;    3;   5.7;   2.3;    3;   0.0;   8;    0.000;   0;   8.0;   5.7; 1015.20;    0.1;   91.71;    0.5;   -1.0;   -0.8;eor
       2932;20230126;    3;   5.1;   2.2;    3;   0.0;   8;    0.000;   0;   7.9;   5.0; 1005.70;   -1.8;   93.54;   -0.9;   -2.7;   -2.0;eor
       2932;20230127;    3;   9.4;   3.3;    3;   0.2;   8;    0.000;   0;   7.8;   6.0; 1007.21;    0.3;   95.50;    1.9;   -1.5;   -1.2;eor
       2932;20230128;    3;   6.0;   2.5;    3;   0.0;   8;    0.000;   0;   7.9;   4.7; 1011.77;   -0.7;   80.17;    0.7;   -3.0;   -4.1;eor
       2932;20230129;    3;  13.7;   6.0;    3;   0.1;   8;    0.000;   0;   7.1;   4.5; 1008.61;   -1.3;   80.17;    1.0;   -3.8;   -5.0;eor
       2932;20230130;    3;  19.5;  10.4;    3;   0.4;   6;    1.883;   0;   6.9;   5.9;  995.89;    3.0;   77.71;    5.9;   -1.6;   -2.2;eor
       2932;20230131;    3;  17.5;   9.1;    3;   0.2;   6;    0.067;   0;   6.8;   6.5; 1000.86;    3.8;   80.46;    5.1;    2.5;    1.3;eor
       2932;20230201;    3;  19.5;   9.1;    3;   5.1;   8;    0.517;   0;   6.6;   6.4;  996.70;    3.7;   80.21;    6.8;    0.3;   -0.2;eor
       2932;20230202;    3;  15.3;   6.3;    3;   3.0;   6;    1.267;   0;   6.9;   6.5; 1002.59;    3.8;   80.92;    6.8;    1.8;    0.5;eor
       2932;20230203;    3;  22.8;   9.1;    3;   1.3;   6;    0.000;   0;   7.5;   7.7; 1001.60;    6.2;   81.21;    8.8;    2.2;    1.9;eor
       2932;20230204;    3;  13.7;   3.5;    3;   0.0;   0;    7.500;   0;   4.8;   5.6; 1018.20;    1.9;   79.25;    4.9;   -3.1;   -4.3;eor
       2932;20230205;    3;   6.2;   3.0;    3;   0.0;   8;    0.783;   0;   5.1;   4.3; 1020.92;   -2.2;   81.58;    1.8;   -5.8;   -8.3;eor
       2932;20230206;    3;   8.2;   3.1;    3;   0.1;   8;    0.000;   0;   5.6;   5.0; 1022.68;   -1.9;   93.25;    0.6;   -6.0;   -8.8;eor
       2932;20230207;    3;   3.1;   1.1;    3;   0.0;   7;    0.000;   0;   6.8;   3.9; 1025.30;   -5.3;   95.17;   -3.6;   -8.3;  -10.3;eor
       2932;20230208;    3;   7.7;   2.3;    3;   0.0;   0;    8.633;   0;   2.2;   3.8; 1023.40;   -4.4;   86.13;    1.5;   -9.4;  -10.6;eor
       2932;20230209;    3;  13.9;   4.8;    3;   0.0;   7;    8.250;   0;   2.4;   3.7; 1016.99;   -1.9;   69.75;    3.4;   -6.4;   -9.4;eor
       2932;20230210;    3;   9.9;   5.0;    3;   0.0;   0;    1.167;   0;   7.3;   5.3; 1018.60;    1.5;   77.50;    5.0;   -2.9;   -4.3;eor
       2932;20230211;    3;  12.9;   6.7;    3;   0.1;   6;    0.000;   0;   8.0;   7.2; 1015.05;    4.7;   83.58;    6.8;    1.5;    0.5;eor
       2932;20230212;    3;   5.7;   2.7;    3;   0.4;   6;    0.000;   0;   8.0;   9.3; 1020.98;    6.5;   96.00;    7.9;    5.2;    4.6;eor
       2932;20230213;    3;   6.2;   3.2;    3;   0.0;   0;    0.017;   0;   7.3;   8.1; 1021.50;    5.4;   90.13;    7.0;    1.3;   -2.8;eor
       2932;20230214;    3;   5.7;   2.9;    3;   0.0;   0;    6.067;   0;   3.8;   6.8; 1018.67;    3.3;   88.25;    8.8;   -1.1;   -4.1;eor
       2932;20230215;    3;   7.0;   3.8;    3;   0.0;   0;    7.850;   0;   3.4;   6.3; 1011.05;    3.4;   82.08;   10.7;   -2.9;   -4.6;eor
       2932;20230216;    3;  11.8;   6.1;    3;   1.0;   6;    6.550;   0;   6.0;   6.7; 1007.32;    5.5;   74.21;   10.7;    0.4;   -0.9;eor
       2932;20230217;    3;  20.7;   9.1;    3;   2.2;   6;    0.317;   0;   7.8;   9.8; 1000.73;   10.0;   79.75;   13.6;    6.7;    5.6;eor
       2932;20230218;    3;  22.6;   8.2;    3;  12.0;   6;    0.133;   0;   7.7;   9.5;  999.79;    9.1;   81.54;   11.7;    5.9;    4.5;eor
       2932;20230219;    3;  11.5;   4.2;    3;   0.2;   6;    3.183;   0;   6.1;   7.6; 1003.12;    5.2;   84.58;    8.6;    1.1;   -2.9;eor
       2932;20230220;    3;  19.7;   9.1;    3;   0.0;   0;    1.433;   0;   6.6;   8.1; 1002.30;    8.0;   75.00;   12.1;    3.3;    2.9;eor
       2932;20230221;    3;  16.5;   7.1;    3;   0.0;   0;    0.533;   0;   7.9;   9.3; 1000.27;    9.8;   76.33;   12.5;    7.3;    2.4;eor
       2932;20230222;    3;   7.2;   3.2;    3;   0.0;   6;    1.383;   0;   7.2;   9.0;  998.75;    8.0;   84.17;   12.6;    3.9;    0.3;eor
       2932;20230223;    3;   6.7;   2.9;    3;   1.5;   6;    0.067;   0;   7.6;   9.8;  996.24;    8.4;   88.71;   11.8;    4.9;    3.3;eor
       2932;20230224;    3;  12.9;   5.9;    3;   7.2;   8;    0.533;   0;   7.7;   6.9;  988.41;    3.8;   85.96;    6.7;    2.1;    1.5;eor
       2932;20230225;    3;  15.4;   6.3;    3;   1.5;   8;    0.067;   0;   7.0;   5.7;  987.59;    1.2;   85.38;    3.3;   -1.3;   -2.8;eor
       2932;20230226;    3;  10.8;   4.1;    3;   0.0;   7;    1.933;   0;   5.3;   4.5; 1003.55;   -0.7;   77.96;    2.7;   -3.1;   -6.0;eor
       2932;20230227;    3;   7.5;   2.3;    3;   0.0;   7;    1.867;   0;   6.8;   4.5; 1012.02;   -0.3;   76.08;    3.0;   -3.7;   -6.3;eor
       2932;20230228;    3;   9.3;   2.9;    3;   0.0;   0;   10.250;   0;   2.7;   4.2; 1014.26;    0.3;   67.71;    4.3;   -2.9;   -6.0;eor
       2932;20230301;    3;   8.6;   2.8;    3;   0.0;   0;   10.417;   0;   0.5;   4.2; 1011.55;    0.0;   70.25;    6.2;   -5.3;   -6.9;eor
       2932;20230302;    3;   7.0;   3.2;    3;   0.0;   6;   10.350;   0;   1.3;   4.9; 1007.18;    0.8;   76.13;    8.5;   -4.5;   -7.5;eor
       2932;20230303;    3;   7.7;   2.9;    3;   0.0;   0;    0.000;   0;   7.9;   5.5; 1007.00;   -0.4;   92.83;    1.9;   -2.1;   -1.7;eor
       2932;20230304;    3;  11.3;   5.6;    3;   0.0;   6;    0.017;   0;   7.8;   6.1; 1002.55;    3.0;   80.00;    6.1;   -0.3;   -1.0;eor
       2932;20230305;    3;  12.9;   5.1;    3;   0.7;   8;    0.350;   0;   7.4;   5.5;  996.28;    2.4;   76.25;    4.7;    0.7;   -0.6;eor
       2932;20230306;    3;  12.9;   4.1;    3;   0.9;   8;    0.117;   0;   5.8;   6.0;  988.10;    1.6;   88.13;    4.1;   -0.9;   -2.0;eor
       2932;20230307;    3;  18.5;   6.1;    3;   8.3;   8;    0.017;   0;   7.4;   5.9;  981.11;    2.1;   83.88;    6.6;   -0.8;   -1.1;eor
       2932;20230308;    3;   6.2;   2.9;    3;   4.9;   8;    0.000;   8;   7.4;   5.9;  980.93;    0.0;   96.33;    0.8;   -1.6;   -2.7;eor
       2932;20230309;    3;   6.2;   2.2;    3;   3.1;   8;    0.000;   5;   7.8;   6.3;  979.63;    1.0;   96.50;    3.5;   -0.2;   -0.1;eor
       2932;20230310;    3;  23.7;   7.5;    3;   6.2;   8;    2.717;   0;   6.8;   9.0;  973.10;    9.2;   77.83;   13.9;    0.3;    0.1;eor
       2932;20230311;    3;  17.0;   6.7;    3;   0.0;   8;    2.983;   1;   5.5;   5.0;  989.82;    0.2;   80.79;    3.2;   -3.1;   -5.5;eor
       2932;20230312;    3;  11.7;   5.0;    3;   0.0;   6;    2.983;   0;   5.3;   5.6;  994.80;    2.4;   75.46;    7.5;   -3.8;   -5.5;eor
       2932;20230313;    3;  18.7;   7.6;    3;   0.4;   6;    0.600;   0;   7.1;  10.1;  984.57;   11.4;   74.54;   15.7;    6.9;    5.6;eor
       2932;20230314;    3;  19.4;   7.5;    3;   8.3;   6;    1.033;   0;   6.8;   8.4;  980.43;    8.7;   73.50;   15.0;    0.6;   -1.1;eor
       2932;20230315;    3;  12.9;   4.3;    3;   0.7;   8;    4.617;   0;   3.3;   5.2;  999.51;    1.8;   76.13;    6.9;   -1.8;   -4.6;eor
       2932;20230316;    3;   9.8;   4.0;    3;   0.0;   0;   10.133;   0;   1.9;   4.8; 1004.71;    3.2;   65.46;    9.0;   -3.2;   -5.5;eor
       2932;20230317;    3;  11.3;   5.2;    3;   0.0;   0;    5.950;   0;   6.3;   5.6;  996.88;    9.1;   49.79;   15.9;    1.6;   -0.7;eor
       2932;20230318;    3;   9.3;   4.3;    3;   0.0;   0;    5.683;   0;   5.3;   8.6;  996.25;   11.9;   61.29;   18.8;    7.6;    6.0;eor
       2932;20230319;    3;  11.7;   3.9;    3;   0.3;   6;    2.517;   0;   6.8;   9.8;  998.86;   10.7;   76.00;   16.4;    7.2;    4.0;eor
       2932;20230320;    3;   6.2;   2.3;    3;   3.7;   6;    0.517;   0;   7.3;  10.3; 1001.45;    9.1;   89.58;   12.1;    6.8;    4.6;eor
       2932;20230321;    3;   7.9;   3.8;    3;   1.9;   6;    2.583;   0;   7.3;   9.8;  999.35;   10.4;   78.63;   15.3;    6.9;    6.2;eor
       2932;20230322;    3;  13.2;   5.7;    3;   0.2;   6;    6.567;   0;   6.0;   9.6;  994.18;   12.0;   70.13;   17.3;    7.2;    6.4;eor
       2932;20230323;    3;  15.4;   6.2;    3;   1.0;   6;    0.517;   0;   7.0;   9.9;  990.91;   13.0;   66.08;   15.9;   10.2;    7.7;eor
       2932;20230324;    3;  15.8;   6.3;    3;   0.7;   6;    2.283;   0;   6.2;  10.3;  987.88;   12.0;   73.42;   16.8;    8.1;    6.0;eor
       2932;20230325;    3;  19.9;   8.4;    3;   3.5;   6;    3.917;   0;   6.7;   8.6;  988.57;    9.4;   73.08;   13.0;    5.4;    5.1;eor
       2932;20230326;    3;  12.7;   5.5;    3;   5.2;   6;    1.200;   0;   6.4;   8.6;  987.81;    7.8;   81.67;   11.8;    4.8;    3.9;eor
       2932;20230327;    3;  17.5;   5.6;    3;   0.5;   8;    6.950;   0;   3.6;   5.7;  997.66;    2.9;   75.92;    7.3;   -0.9;   -2.2;eor
       2932;20230328;    3;  13.2;   4.9;    3;   0.1;   6;    6.617;   0;   5.0;   5.3; 1006.65;    3.5;   68.88;    7.1;    0.7;   -1.1;eor
       2932;20230329;    3;  11.7;   4.7;    3;   0.2;   6;    1.017;   0;   7.5;   7.4; 1000.41;    7.4;   70.67;   13.1;    2.3;    1.3;eor
       2932;20230330;    3;  17.0;   6.3;    3;   1.9;   6;    2.450;   0;   6.3;  10.4;  991.88;   12.1;   74.04;   17.7;    9.4;    8.0;eor
       2932;20230331;    3;  12.2;   5.0;    3;   6.6;   6;    1.717;   0;   6.1;  10.4;  984.40;   10.1;   83.38;   12.9;    8.0;    6.0;eor
       2932;20230401;    3;  11.3;   4.0;    3;   3.6;   6;    0.033;   0;   6.9;  10.1;  984.97;    9.4;   85.42;   12.4;    4.5;    4.3;eor
       2932;20230402;    1;  11.3;   5.6;    1;   0.0;   0;    0.333;   0;   7.9;   6.2; 1003.95;    3.9;   76.75;    6.5;    1.5;    0.8;eor
       2932;20230403;    1;  11.1;   4.5;    1;   0.0;   0;    5.683;   0;   5.4;   4.5; 1014.07;    2.0;   64.88;    5.3;   -1.9;   -3.6;eor
       2932;20230404;    1;   8.7;   2.3;    1;   0.0;   0;    6.883;   0;   6.3;   4.5; 1011.28;    2.5;   62.00;    6.4;   -1.2;   -3.9;eor
       2932;20230405;    1;   5.1;   1.5;    1;   0.0;   0;    5.267;   0;   5.0;   4.5; 1006.58;    3.4;   59.21;    8.1;   -0.4;   -3.7;eor
       2932;20230406;    1;   6.5;   3.0;    1;   0.0;   0;   11.767;   0;   1.9;   4.8; 1003.64;    5.2;   57.96;   11.9;   -1.8;   -4.5;eor
       2932;20230407;    1;   9.3;   3.2;    1;   1.3;   6;    9.800;   0;   5.8;   5.5; 1002.55;    5.4;   63.88;   11.9;   -1.5;   -4.1;eor
       2932;20230408;    1;   7.7;   3.3;    1;   0.2;   6;    0.517;   0;   7.1;   8.2; 1007.35;    6.2;   86.88;   10.2;    3.2;    0.5;eor
       2932;20230409;    1;   4.6;   1.7;    1;   0.0;   0;   12.633;   0;   0.1;   7.0; 1010.16;    7.5;   69.96;   14.2;    0.5;   -2.8;eor
       2932;20230410;    1;  10.1;   4.0;    1;   3.1;   6;   11.083;   0;   2.8;   7.5; 1004.88;   10.6;   60.63;   17.1;    2.2;   -1.4;eor
       2932;20230411;    1;  18.3;   5.9;    1;   1.6;   6;    5.217;   0;   4.7;   7.7;  995.27;    8.6;   69.83;   13.5;    2.7;   -0.6;eor
       2932;20230412;    1;  17.1;   5.9;    1;   2.9;   6;    4.500;   0;   5.7;   8.3;  988.62;    7.7;   78.63;   13.0;    1.8;   -0.7;eor
       2932;20230413;    1;  11.1;   4.4;    1;   0.0;   6;    3.050;-999;   7.4;   7.8;  989.22;    8.4;   71.75;   12.9;    4.6;    2.6;eor
       2932;20230414;    1;  10.3;   3.4;    1;  10.4;   6;    0.050;   0;   6.1;   8.9;  992.11;    7.1;   88.04;    9.4;    5.0;    3.5;eor
       2932;20230415;    1;   8.1;   3.4;    1;  24.1;   6;    0.000;   0;   7.9;  10.5;  992.10;    7.9;   97.50;    9.7;    5.8;    5.7;eor
       2932;20230416;    1;   6.3;   2.8;    1;   4.4;   6;    0.033;   0;   7.7;  10.8; 1002.37;    8.7;   95.88;   10.3;    7.8;    7.6;eor
       2932;20230417;    1;   8.2;   3.7;    1;   0.1;   6;    3.167;   0;   7.6;   8.9; 1008.05;    8.2;   82.29;   12.2;    6.2;    5.9;eor
       2932;20230418;    1;  10.1;   4.2;    1;   0.0;   6;    1.233;   0;   7.6;   9.6; 1010.35;    8.7;   84.96;   11.3;    6.2;    5.8;eor
       2932;20230419;    1;  13.9;   5.1;    1;   1.0;   6;    6.150;   0;   5.7;   6.8; 1006.63;    7.4;   68.25;   12.1;    3.2;    3.1;eor
       2932;20230420;    1;  10.1;   4.0;    1;   0.0;   0;    1.817;   0;   6.0;   8.4; 1002.84;    6.3;   87.33;    9.5;    3.2;    3.2;eor
       2932;20230421;    1;  12.3;   5.7;    1;   0.0;   0;   12.900;   0;   0.5;   9.5;  999.40;   12.7;   67.54;   19.8;    6.4;    5.1;eor
       2932;20230422;    1;  10.6;   3.8;    1;   0.4;   6;   11.833;-999;   2.1;   9.5;  994.80;   14.9;   58.33;   21.9;    6.0;    2.8;eor
       2932;20230423;    1;  10.8;   3.7;    1;   0.1;   6;    7.050;-999;   4.3;  11.2;  991.00;   14.5;   69.33;   19.0;   10.3;    8.7;eor
       2932;20230424;    1;  19.2;   7.5;    1;   0.0;   0;    5.483;-999;   5.5;   9.2;  988.95;   11.5;   68.38;   16.3;    4.6;    2.1;eor
       2932;20230425;    1;  11.1;   4.2;    1;   0.0;   6;    2.133;-999;   5.8;   6.5;  994.74;    6.8;   66.83;    9.7;    1.9;   -0.4;eor
       2932;20230426;    1;   9.6;   3.6;    1;   0.0;   6;    4.483;-999;   4.2;   5.8; 1001.37;    5.0;   67.38;    9.4;   -0.6;   -2.9;eor
       2932;20230427;    1;   6.7;   2.3;    1;   0.0;   0;    6.300;-999;   4.7;   6.1; 1004.05;    6.3;   65.38;   12.9;   -0.5;   -3.7;eor
       2932;20230428;    1;   8.4;   3.5;    1;   0.5;   6;    1.067;   0;   7.1;   9.3;  997.85;    9.6;   76.21;   13.4;    3.0;    1.2;eor
       2932;20230429;    1;  12.0;   4.0;    1;   0.0;   0;    0.000;   0;   7.4;  11.0;  998.97;   11.5;   81.17;   13.2;    7.2;    4.9;eor
       2932;20230430;    1;   6.2;   2.4;    1;   0.0;   0;   13.533;   0;   1.0;   6.9; 1006.48;    8.9;   63.25;   14.5;    3.8;    2.0;eor
       2932;20230501;    1;   7.2;   2.5;    1;   0.0;   6;    9.367;   0;   5.5;   8.0; 1000.19;   11.7;   59.42;   18.0;    2.1;    0.2;eor
       2932;20230502;    1;  10.8;   3.4;    1;   1.8;   6;    0.700;   0;   6.6;   9.4; 1005.39;    9.9;   76.58;   13.7;    5.1;    2.7;eor
       2932;20230503;    1;   5.7;   1.9;    1;   0.0;   0;   13.483;   0;   2.0;   6.9; 1011.56;    8.5;   63.67;   14.5;    2.1;   -0.4;eor
       2932;20230504;    1;   9.1;   2.7;    1;   0.0;   0;   12.900;   0;   2.2;   8.1; 1006.54;   11.9;   59.92;   18.2;    3.1;   -0.7;eor
       2932;20230505;    1;   9.1;   4.3;    1;   1.6;   6;    7.567;   0;   6.0;  10.4; 1000.86;   15.0;   62.88;   21.4;    5.9;    4.2;eor
       2932;20230506;    1;   8.2;   3.2;    1;   0.0;   0;    3.650;   0;   7.0;  12.2; 1001.66;   12.4;   85.04;   16.3;    8.3;    8.4;eor
       2932;20230507;    1;  10.8;   5.3;    1;   0.0;   0;    1.317;   0;   6.3;   9.5; 1006.36;    9.4;   80.46;   12.6;    6.0;    5.0;eor
       2932;20230508;    1;  10.6;   5.7;    1;   0.0;   0;   14.067;   0;   1.0;   8.4; 1008.05;   11.0;   66.92;   18.7;    4.0;    2.7;eor
       2932;20230509;    1;  12.3;   5.6;    1;   0.0;   0;   14.267;   0;   0.3;   7.9; 1000.92;   13.0;   56.21;   20.6;    3.8;    2.1;eor
       2932;20230510;    1;   9.3;   3.7;    1;   6.2;   6;    2.550;   0;   6.8;  12.3;  995.51;   12.5;   83.58;   15.5;    7.1;    5.4;eor
       2932;20230511;    1;   8.7;   2.8;    1;   0.0;   6;    2.933;   0;   7.4;  12.9;  998.14;   15.6;   74.54;   20.7;   12.0;    8.9;eor
       2932;20230512;    1;   9.6;   3.2;    1;   0.0;   6;    7.650;   0;   5.5;  10.5; 1001.31;   16.4;   58.21;   22.7;   11.1;    8.6;eor
       2932;20230513;    1;  12.9;   3.4;    1;   0.1;   6;   11.183;   0;   4.1;  10.9; 1004.11;   14.7;   67.08;   20.5;    8.8;    5.2;eor
       2932;20230514;    1;   6.7;   2.4;    1;   0.0;   0;    6.467;   0;   5.8;  11.0; 1000.64;   14.8;   66.88;   19.4;    8.5;    5.8;eor
       2932;20230515;    1;  13.4;   3.4;    1;   0.0;   6;    7.550;   0;   5.0;  10.9;  994.01;   14.9;   66.63;   20.7;    8.9;    5.4;eor
       2932;20230516;    1;  10.6;   3.9;    1;   0.0;   6;    5.317;   0;   4.6;   8.6; 1000.05;   11.0;   66.50;   15.3;    5.3;    1.3;eor
       2932;20230517;    1;  10.5;   3.6;    1;   0.0;   0;   10.600;   0;   3.7;   7.3; 1007.31;    9.6;   63.17;   14.8;    3.6;    0.7;eor
       2932;20230518;    1;   7.7;   2.9;    1;   0.0;   0;    9.733;   0;   5.6;   7.6; 1010.83;   10.7;   60.46;   16.1;    4.1;    3.0;eor
       2932;20230519;    1;  11.7;   4.4;    1;   0.0;   0;    7.883;   0;   6.6;   9.2; 1008.87;   13.3;   61.46;   18.9;    8.0;    7.6;eor
       2932;20230520;    1;  11.5;   5.4;    1;   0.0;   0;    7.183;   0;   4.5;  12.5; 1005.44;   15.4;   72.17;   21.1;   10.8;   10.5;eor
       2932;20230521;    1;  11.7;   4.5;    1;   0.0;   0;    9.050;   0;   3.4;  14.8; 1000.81;   19.2;   69.13;   26.7;   12.1;   11.4;eor
       2932;20230522;    1;  10.5;   4.6;    1;   0.0;   6;   11.450;   0;   2.6;  13.6;  998.05;   20.4;   58.83;   27.7;   14.2;   13.3;eor
       2932;20230523;    1;  14.6;   4.2;    1;   0.0;   6;    0.500;   0;   7.6;  13.1;  999.25;   14.0;   80.71;   16.8;    8.3;    7.5;eor
       2932;20230524;    1;   7.7;   2.8;    1;   0.0;   0;    3.850;   0;   5.6;   8.7; 1005.64;   10.6;   68.29;   15.8;    7.2;    2.5;eor
       2932;20230525;    1;   7.9;   2.4;    1;   0.0;   0;   11.567;   0;   1.8;  10.3; 1009.01;   12.7;   72.00;   19.4;    5.3;    1.0;eor
       2932;20230526;    1;   9.3;   3.2;    1;   0.0;   0;   14.067;   0;   1.2;   9.4; 1010.74;   13.8;   62.71;   19.9;    8.0;    4.0;eor
       2932;20230527;    1;   8.2;   2.1;    1;   0.0;   0;   14.583;   0;   0.1;   9.0; 1009.80;   13.8;   60.13;   20.4;    5.8;    1.5;eor
       2932;20230528;    1;   7.5;   2.1;    1;   0.0;   0;   14.917;   0;   0.0;   8.9; 1004.03;   16.4;   51.46;   23.4;    7.6;    3.5;eor
       2932;20230529;    1;   8.7;   3.0;    1;   0.0;   0;   13.483;   0;   2.6;   9.9; 1005.11;   16.0;   56.67;   23.4;    8.4;    5.3;eor
       2932;20230530;    1;   8.9;   2.7;    1;   0.0;   0;   14.267;   0;   1.8;   8.8; 1007.92;   15.3;   52.21;   22.0;    7.9;    4.7;eor
       2932;20230531;    1;   7.2;   2.0;    1;   0.0;   0;   15.067;   0;   0.5;  10.0; 1007.02;   17.7;   51.54;   24.9;    9.1;    6.0;eor
       2932;20230601;    1;   9.6;   3.6;    1;   0.0;   0;   14.817;   0;   1.5;  11.2; 1002.40;   14.9;   66.58;   21.1;    9.5;    7.4;eor
       2932;20230602;    1;   8.9;   3.2;    1;   0.0;   0;    6.967;   0;   5.1;   9.3; 1003.77;   13.3;   61.88;   19.2;    8.3;    7.1;eor
       2932;20230603;    1;   9.3;   3.1;    1;   0.0;   0;   15.017;   0;   0.3;   7.0; 1005.73;   14.3;   45.33;   21.2;    5.6;    1.3;eor
       2932;20230604;    1;   8.4;   2.5;    1;   0.0;   0;   15.250;   0;   0.0;   7.0; 1005.22;   16.1;   41.71;   23.3;    5.8;    2.9;eor
       2932;20230605;    1;   9.8;   2.9;    1;   2.6;   6;   13.017;   0;   2.4;   8.8; 1003.70;   18.8;   42.71;   26.0;    9.0;    7.0;eor
       2932;20230606;    1;   7.7;   1.9;    1;   2.5;   6;    0.317;   0;   7.8;  15.2; 1002.99;   16.5;   81.25;   21.6;   14.0;   10.7;eor
       2932;20230607;    1;   9.3;   2.0;    1;   1.0;   6;    4.367;   0;   6.5;  15.8; 1002.50;   18.6;   76.50;   26.7;   14.6;   14.2;eor
       2932;20230608;    1;  12.0;   2.3;    1;   0.3;   6;    1.600;   0;   7.1;  15.3; 1000.53;   18.0;   74.75;   24.5;   14.8;   10.7;eor
       2932;20230609;    1;   7.7;   2.3;    1;   0.0;   0;   11.267;   0;   2.8;  12.9;  999.13;   21.2;   55.58;   29.0;   12.1;    8.7;eor
       2932;20230610;    1;  14.7;   2.9;    1;   0.1;   6;   11.983;   0;   2.1;  15.1; 1000.86;   19.6;   67.33;   28.8;   12.7;   12.0;eor
       2932;20230611;    1;  10.1;   3.7;    1;   0.0;   0;   15.083;   0;   0.5;  11.5; 1002.79;   21.0;   48.54;   27.9;   14.2;   12.4;eor
       2932;20230612;    1;  11.8;   4.3;    1;   0.0;   0;   15.350;   0;   0.5;  10.1; 1002.35;   19.8;   46.58;   26.1;   12.9;    7.9;eor
       2932;20230613;    1;  11.0;   3.2;    1;   0.0;   0;   13.150;   0;   1.8;   9.7;  999.32;   18.8;   48.38;   26.0;    9.8;    6.7;eor
