STATIONS_ID;MESS_DATUM;QN_3;  FX;  FM;QN_4; RSK;RSKF; SDK;SHK_TAG;  NM; VPM;  PM; TMK; UPM; TXK; TNK; TGK;eor
       3379;20211211;   10;  11.2;   3.7;    3;   0.4;   8;    0.000;   1;   7.4;   5.8;  952.56;    1.4;   85.00;    2.4;    0.0;   -2.5;eor
       3379;20211212;   10;   6.6;   2.2;    3;   2.4;   6;    3.300;   1;   7.3;   5.5;  964.68;    2.8;   74.46;    4.7;    0.7;    0.3;eor
       3379;20211213;   10;   7.6;   1.7;    3;   0.1;   6;    0.000;   0;   7.9;   7.8;  966.03;    4.2;   94.46;    5.5;    2.6;    2.3;eor
       3379;20211214;   10;   5.4;   1.8;    3;   0.2;   6;    1.867;   0;   8.0;   7.0;  965.83;    3.2;   91.67;    5.9;    0.3;    0.7;eor
       3379;20211215;   10;   4.8;   1.4;    3;   0.2;   6;    0.000;   0;   7.7;   7.2;  969.20;    3.7;   90.63;    4.9;    3.0;    3.0;eor
       3379;20211216;   10;   5.2;   1.4;    3;   0.1;   6;    0.100;   0;   7.4;   6.9;  973.11;    3.1;   90.13;    4.8;    1.4;   -0.3;eor
       3379;20211217;   10;   5.3;   1.6;    3;   0.0;   6;    4.433;   0;   6.7;   6.7;  974.12;    3.5;   85.79;    6.2;    1.2;    1.2;eor
       3379;20211218;   10;   4.5;   1.4;    3;   0.0;   6;    0.000;   0;   8.0;   5.6;  973.01;    0.2;   90.58;    1.3;   -0.8;   -0.5;eor
       3379;20211219;   10;   7.5;   3.0;    3;   0.2;   8;    4.417;   0;   6.5;   5.4;  965.50;   -0.3;   90.13;    3.0;   -1.8;   -1.5;eor
       3379;20211220;   10;   5.5;   2.0;    3;   0.0;   0;    2.700;   0;   4.6;   5.5;  962.04;    0.8;   84.29;    3.7;   -2.0;   -4.4;eor
       3379;20211221;   10;   6.2;   1.8;    3;   0.0;   0;    5.317;   0;   3.2;   4.4;  960.91;   -2.7;   87.29;   -0.1;   -5.1;   -6.9;eor
       3379;20211222;   10;   6.8;   1.9;    3;   0.0;   0;    4.300;   0;   5.0;   3.9;  961.58;   -3.8;   84.46;   -1.6;   -6.6;   -7.9;eor
       3379;20211223;   10;  10.2;   1.7;    3;   1.7;   6;    1.767;   0;   7.7;   4.8;  953.78;   -0.1;   77.46;    9.0;   -7.5;   -8.4;eor
       3379;20211224;   10;  13.8;   4.7;    3;   5.5;   6;    0.000;   0;   7.5;   8.2;  946.54;    8.0;   76.58;    9.6;    7.0;    5.8;eor
       3379;20211225;   10;  10.9;   2.5;    3;   7.9;   6;    0.183;   0;   7.9;   8.7;  944.07;    6.9;   87.88;    9.7;    2.0;    2.3;eor
       3379;20211226;   10;   4.6;   1.8;    3;   2.2;   6;    0.000;   0;   7.9;   7.1;  946.12;    3.1;   93.42;    4.6;    1.5;    1.7;eor
       3379;20211227;   10;   6.1;   1.6;    3;   3.2;   6;    3.217;   0;   7.1;   7.7;  943.66;    4.6;   90.38;    9.4;    2.1;    1.4;eor
       3379;20211228;   10;  19.2;   3.6;    3;   9.4;   6;    0.033;   0;   7.3;   8.1;  941.53;    6.4;   84.25;    9.8;    3.7;    1.7;eor
       3379;20211229;   10;  16.7;   5.0;    3;  11.0;   6;    2.300;   0;   7.5;   8.5;  948.40;    8.1;   78.54;   11.2;    6.9;    5.9;eor
       3379;20211230;   10;  13.4;   4.7;    3;   0.7;   6;    0.350;   0;   7.7;  12.0;  958.65;   12.2;   84.42;   13.9;   10.9;   10.0;eor
       3379;20211231;   10;   9.9;   2.8;    3;   0.0;   0;    7.150;   0;   4.3;   9.8;  962.14;   12.3;   69.21;   15.6;   10.3;    7.5;eor
       3379;20220101;   10;   6.6;   1.9;    3;   0.0;   0;    7.600;   0;   5.4;   8.1;  965.13;    8.5;   73.50;   13.4;    3.2;    0.5;eor
       3379;20220102;   10;  12.8;   3.1;    3;   0.0;   0;    4.733;   0;   6.4;   6.1;  958.78;    9.5;   55.21;   15.8;    1.9;   -0.4;eor
       3379;20220103;   10;  17.0;   5.3;    3;   0.7;   6;    0.000;   0;   7.9;   7.5;  954.80;   10.3;   59.96;   11.5;    8.7;    6.4;eor
       3379;20220104;   10;  19.0;   4.1;    3;  10.3;   6;    1.017;   0;   7.8;   8.7;  940.54;   10.5;   69.00;   16.5;    3.7;    3.6;eor
       3379;20220105;   10;  13.8;   4.9;    3;   1.2;   8;    0.367;   0;   7.6;   5.5;  946.01;    1.9;   76.58;    3.9;    0.3;   -0.5;eor
       3379;20220106;   10;  10.0;   3.6;    3;   0.4;   8;    3.250;   0;   6.5;   5.0;  955.92;    0.7;   78.50;    2.7;   -1.8;   -3.7;eor
       3379;20220107;   10;   9.7;   2.3;    3;   2.2;   8;    3.583;   0;   5.4;   4.5;  955.87;   -1.1;   80.38;    1.4;   -4.0;   -5.8;eor
       3379;20220108;   10;  16.5;   3.5;    3;   2.9;   8;    1.817;   4;   5.8;   4.8;  949.52;    0.6;   75.75;    2.4;   -1.4;   -7.2;eor
       3379;20220109;   10;  17.6;   4.2;    3;   0.7;   8;    0.800;   1;   7.5;   5.6;  941.98;    2.2;   77.33;    4.3;    0.7;    0.0;eor
       3379;20220110;   10;   5.2;   1.8;    3;   0.0;   8;    0.000;   0;   7.8;   5.7;  956.54;    1.4;   85.13;    2.3;    0.8;   -0.2;eor
       3379;20220111;   10;   5.8;   2.1;    3;   0.0;   0;    0.050;   0;   6.3;   5.2;  968.13;    0.8;   81.00;    2.6;   -1.6;   -3.4;eor
       3379;20220112;   10;   5.2;   1.5;    3;   0.0;   0;    0.133;   0;   7.5;   4.3;  973.69;   -2.5;   84.96;   -1.1;   -3.5;   -4.8;eor
       3379;20220113;   10;   5.0;   1.2;    3;   0.0;   0;    6.850;   0;   6.7;   4.5;  976.17;   -1.8;   83.54;    1.3;   -4.0;   -4.3;eor
       3379;20220114;   10;   4.5;   1.5;    3;   0.0;   0;    8.450;   0;   1.0;   5.0;  971.19;    0.6;   79.25;    8.6;   -4.5;   -5.2;eor
       3379;20220115;   10;   5.0;   1.5;    3;   0.0;   0;    0.217;   0;   5.5;   5.2;  965.17;   -1.5;   94.75;   -0.1;   -3.5;   -5.2;eor
       3379;20220116;   10;  11.0;   3.1;    3;   0.1;   8;    7.133;   0;   5.5;   5.2;  963.68;    1.0;   80.08;    5.1;   -1.8;   -2.5;eor
       3379;20220117;   10;  15.4;   5.1;    3;   0.2;   6;    0.867;   0;   7.8;   5.7;  969.04;    3.3;   73.13;    5.6;    1.4;    0.9;eor
       3379;20220118;   10;   7.7;   2.2;    3;   0.0;   6;    0.217;   0;   6.3;   5.7;  972.79;    2.3;   79.58;    4.2;   -0.5;   -2.5;eor
       3379;20220119;   10;  12.9;   2.8;    3;   0.9;   8;    6.417;   0;   3.5;   5.1;  964.02;    1.9;   73.38;    7.1;   -2.5;   -4.3;eor
       3379;20220120;   10;  14.1;   5.6;    3;   3.0;   8;    0.383;   1;   7.0;   5.3;  961.38;    1.2;   80.25;    3.2;   -1.5;   -3.5;eor
       3379;20220121;   10;  11.1;   4.4;    3;   0.8;   8;    3.333;   2;   6.8;   4.3;  967.35;   -0.8;   75.33;    1.1;   -2.2;   -4.3;eor
       3379;20220122;   10;  14.5;   5.0;    3;   2.6;   8;    0.000;   3;   7.8;   5.4;  968.28;    0.3;   86.38;    1.3;   -0.8;   -1.1;eor
       3379;20220123;   10;   5.5;   1.7;    3;   0.0;   6;    0.567;   2;   6.3;   6.0;  970.75;    1.5;   88.42;    4.0;   -1.4;   -3.0;eor
       3379;20220124;   10;   5.5;   1.8;    3;   0.0;   0;    3.333;   0;   4.5;   5.4;  970.00;   -0.2;   90.00;    3.1;   -2.3;   -4.5;eor
       3379;20220125;   10;   5.1;   1.7;    3;   0.0;   0;    5.533;   0;   6.1;   5.4;  968.99;   -0.3;   90.21;    4.3;   -2.0;   -1.6;eor
       3379;20220126;   10;   8.4;   2.1;    3;   0.0;   0;    8.450;   0;   5.0;   5.1;  967.40;   -0.2;   84.83;    4.3;   -2.6;   -3.5;eor
       3379;20220127;   10;  12.3;   3.7;    3;   1.4;   8;    8.550;   0;   7.2;   5.0;  964.01;    1.6;   73.92;    7.6;   -2.1;   -3.1;eor
       3379;20220128;   10;  12.2;   4.6;    3;   1.9;   8;    0.017;   0;   7.6;   5.7;  968.70;    2.2;   79.54;    3.5;    0.7;   -0.3;eor
       3379;20220129;   10;  18.6;   5.1;    3;   0.0;   6;    1.433;   0;   7.6;   5.2;  965.72;    4.3;   63.08;    7.2;    0.7;   -0.5;eor
       3379;20220130;   10;  18.7;   5.8;    3;   0.3;   6;    5.467;   0;   5.8;   6.0;  962.90;    4.9;   69.08;    7.7;    1.9;   -0.1;eor
       3379;20220131;   10;  17.1;   5.4;    3;   4.1;   8;    0.317;   0;   7.7;   5.7;  950.47;    2.3;   78.88;    4.2;    1.0;    0.2;eor
       3379;20220201;   10;  19.2;   6.7;    3;   3.0;   8;    0.000;   0;   7.8;   5.4;  954.27;    1.4;   80.46;    3.3;    0.1;   -0.1;eor
       3379;20220202;   10;  16.9;   5.4;    3;   3.6;   6;    0.800;   0;   7.3;   6.6;  955.45;    4.3;   80.50;    6.4;    2.9;    1.7;eor
       3379;20220203;   10;   6.0;   2.0;    3;   0.0;   6;    2.583;   0;   7.8;   7.7;  957.35;    6.1;   81.58;    9.7;    2.6;   -0.1;eor
       3379;20220204;   10;  14.3;   3.3;    3;   0.8;   8;    2.983;   0;   5.9;   6.7;  953.44;    4.9;   77.50;    7.7;    1.8;   -0.6;eor
       3379;20220205;   10;  19.8;   4.2;    3;   0.0;   0;    7.933;   0;   3.3;   5.0;  960.23;    3.4;   65.21;    6.9;    0.7;   -1.0;eor
       3379;20220206;   10;  24.8;   7.7;    3;   6.7;   8;    2.833;   0;   7.7;   5.3;  952.74;    4.7;   61.96;    7.4;    1.4;   -0.4;eor
       3379;20220207;   10;  18.1;   6.4;    3;   0.0;   8;    0.317;   0;   6.8;   5.3;  957.63;    1.7;   76.83;    6.0;    0.5;   -0.1;eor
       3379;20220208;   10;  12.6;   3.9;    3;   0.0;   6;    3.333;   0;   4.9;   4.2;  968.86;    4.2;   53.21;    9.2;   -0.3;   -2.1;eor
       3379;20220209;   10;   6.7;   2.0;    3;   0.0;   0;    9.717;   0;   1.8;   5.6;  966.40;    5.4;   62.96;   11.8;    0.8;   -1.8;eor
       3379;20220210;   10;  14.4;   3.3;    3;   3.1;   6;    7.683;   0;   3.8;   5.8;  961.06;    6.8;   59.17;   13.3;    1.2;   -2.0;eor
       3379;20220211;   10;  11.9;   3.7;    3;   1.8;   6;    2.233;   0;   6.0;   5.9;  964.85;    3.5;   74.13;    6.4;   -0.1;   -2.3;eor
       3379;20220212;   10;  10.6;   2.5;    3;   0.0;   0;    9.583;   0;   2.1;   4.5;  966.42;    1.3;   68.75;    6.3;   -3.0;   -5.6;eor
       3379;20220213;   10;   6.7;   2.2;    3;   0.0;   0;    9.867;   0;   2.3;   3.8;  957.56;    4.4;   46.42;   11.7;   -1.7;   -4.1;eor
       3379;20220214;   10;   7.2;   2.3;    3;   0.4;   6;    4.867;   0;   5.0;   4.4;  948.37;    6.4;   45.17;   14.7;    1.4;   -0.8;eor
       3379;20220215;   10;  10.1;   3.1;    3;   0.8;   6;    0.000;   0;   7.0;   6.9;  952.58;    4.8;   80.71;    6.5;    2.5;    0.4;eor
       3379;20220216;   10;  19.6;   5.0;    3;   0.8;   6;    0.650;   0;   7.8;   6.8;  949.05;    6.7;   68.00;   11.4;    1.8;    0.0;eor
       3379;20220217;   10;  23.9;   8.7;    3;   5.6;   6;    1.833;   0;   6.5;   8.0;  947.16;   10.6;   62.21;   12.6;    7.2;    5.6;eor
       3379;20220218;   10;  18.5;   4.4;    3;   0.2;   6;    0.000;   0;   7.8;   7.3;  948.84;   10.1;   59.88;   15.5;    6.4;    4.9;eor
       3379;20220219;   10;  19.5;   5.3;    3;   0.0;   8;    5.367;   0;   5.4;   5.2;  955.43;    5.5;   58.50;    8.2;    3.3;    1.0;eor
       3379;20220220;   10;  20.0;   6.7;    3;   0.0;   6;    3.500;   0;   7.3;   5.6;  954.56;    7.0;   55.83;   10.4;    2.5;    1.7;eor
       3379;20220221;   10;  24.1;   8.1;    3;   1.7;   8;    2.750;   0;   7.3;   5.7;  946.41;    6.0;   61.58;   10.4;    1.0;    0.4;eor
       3379;20220222;   10;  17.2;   5.9;    3;   1.4;   6;    4.483;   0;   7.0;   6.0;  957.92;    5.0;   68.75;    7.7;    1.8;    0.8;eor
       3379;20220223;   10;  14.3;   3.3;    3;   0.0;   6;    8.650;   0;   4.3;   6.4;  963.13;    6.3;   68.13;   10.9;    1.6;   -1.4;eor
       3379;20220224;   10;  17.1;   3.2;    3;   1.2;   8;    8.067;   0;   6.8;   6.0;  955.58;    7.4;   61.04;   14.3;   -0.1;   -2.2;eor
       3379;20220225;   10;  13.5;   4.2;    3;   0.2;   8;    4.133;   0;   6.0;   4.9;  962.07;    2.3;   69.38;    5.5;    0.9;   -0.7;eor
       3379;20220226;   10;   8.2;   2.8;    3;   0.0;   8;    4.183;   0;   6.4;   4.7;  968.67;    1.8;   68.00;    4.4;   -1.1;   -3.3;eor
       3379;20220227;   10;  12.0;   3.3;    3;   0.0;   0;    9.483;   0;   1.1;   4.3;  968.00;    1.4;   66.25;    6.1;   -2.1;   -4.2;eor
       3379;20220228;   10;   7.7;   2.1;    3;   0.0;   0;   10.567;   0;   0.0;   3.7;  967.61;    1.0;   58.67;    6.3;   -3.3;   -5.4;eor
       3379;20220301;   10;   7.9;   2.6;    3;   0.0;   0;   10.700;   0;   1.3;   3.1;  965.50;    1.0;   49.25;    7.4;   -4.0;   -6.3;eor
       3379;20220302;   10;   4.1;   1.4;    3;   0.0;   0;    4.133;   0;   5.7;   3.8;  960.24;    0.9;   58.54;    5.8;   -3.8;   -6.4;eor
       3379;20220303;   10;   6.5;   1.8;    3;   0.0;   0;   10.050;   0;   1.1;   3.6;  955.11;    2.4;   52.96;    9.2;   -3.8;   -6.2;eor
       3379;20220304;   10;   9.3;   2.7;    3;   0.0;   0;   10.767;   0;   0.6;   3.2;  956.17;    1.2;   50.04;    6.3;   -3.7;   -6.7;eor
       3379;20220305;   10;  11.2;   3.0;    3;   0.0;   0;    7.033;   0;   2.9;   3.6;  956.85;    0.1;   60.79;    5.0;   -4.5;   -6.5;eor
       3379;20220306;   10;   9.3;   3.0;    3;   0.0;   0;    8.183;   0;   5.2;   3.5;  957.40;    0.0;   59.54;    4.8;   -3.5;   -5.5;eor
       3379;20220307;   10;  10.3;   3.4;    3;   0.0;   0;    3.183;   0;   5.1;   3.3;  959.96;   -1.0;   58.00;    1.6;   -3.1;   -5.6;eor
       3379;20220308;   10;  11.0;   3.2;    3;   0.0;   0;   10.300;   0;   2.0;   3.1;  959.50;    1.0;   48.33;    7.4;   -4.3;   -6.4;eor
       3379;20220309;   10;   6.4;   1.7;    3;   0.0;   0;   11.250;   0;   1.2;   3.5;  961.48;    3.4;   47.50;   11.9;   -3.9;   -6.4;eor
       3379;20220310;   10;  10.5;   3.0;    3;   0.0;   0;   11.283;   0;   0.0;   3.9;  962.14;    4.8;   49.21;   12.3;   -2.6;   -5.5;eor
       3379;20220311;   10;   9.2;   3.5;    3;   0.0;   0;   10.967;   0;   1.0;   3.3;  957.86;    3.1;   44.38;   10.1;   -2.4;   -3.9;eor
       3379;20220312;   10;   8.0;   2.2;    3;   0.0;   0;   10.517;   0;   5.3;   3.4;  957.30;    4.4;   41.46;   12.9;   -2.2;   -4.2;eor
       3379;20220313;   10;   7.7;   2.0;    3;   0.0;   0;   11.400;   0;   0.0;   3.7;  954.94;    6.2;   41.04;   15.3;   -2.0;   -4.9;eor
       3379;20220314;   10;  10.9;   2.9;    3;   0.0;   0;   10.000;   0;   5.8;   5.8;  963.92;    9.3;   50.08;   15.1;    1.6;   -0.7;eor
       3379;20220315;   10;   7.2;   2.0;    3;   3.3;   6;    0.150;   0;   7.7;   7.6;  962.85;    7.9;   70.75;   11.9;    3.9;    1.9;eor
       3379;20220316;   10;   8.5;   2.8;    3;   0.0;   0;    1.600;   0;   6.5;   8.0;  962.70;    7.1;   79.08;   10.3;    4.6;    3.0;eor
       3379;20220317;   10;   6.4;   1.8;    3;   0.0;   0;    0.000;   0;   6.3;   7.0;  964.15;    6.5;   72.13;    9.2;    3.3;    1.9;eor
       3379;20220318;   10;  10.7;   2.8;    3;   0.0;   0;    7.883;   0;   8.0;   6.3;  972.63;    7.5;   62.96;   11.8;    4.2;    2.4;eor
       3379;20220319;   10;  10.0;   3.5;    3;   0.0;   0;    9.900;   0;   2.3;   4.6;  970.71;    5.7;   52.42;   10.3;    1.0;   -1.7;eor
       3379;20220320;   10;   9.5;   2.8;    3;   0.0;   0;   11.533;   0;   2.5;   4.5;  967.38;    7.0;   46.38;   14.5;    0.3;   -1.9;eor
       3379;20220321;   10;   6.6;   1.7;    3;   0.0;   0;   10.950;   0;   2.6;   4.3;  969.08;    6.6;   45.75;   14.4;   -1.0;   -3.9;eor
       3379;20220322;   10;   6.6;   1.8;    3;   0.0;   0;   11.950;   0;   0.0;   4.2;  968.26;    7.7;   43.04;   16.3;   -0.6;   -3.2;eor
       3379;20220323;   10;   5.2;   1.6;    3;   0.0;   0;   12.017;   0;   0.0;   4.5;  966.79;    9.3;   42.75;   18.6;    0.8;   -2.4;eor
       3379;20220324;   10;   6.2;   1.7;    3;   0.0;   0;   11.983;   0;   0.0;   4.9;  964.72;   10.9;   41.00;   19.4;    2.3;   -0.6;eor
       3379;20220325;   10;   5.9;   1.9;    3;   0.0;   0;   11.767;   0;   0.0;   5.1;  963.86;   10.6;   42.46;   18.5;    2.8;   -0.3;eor
       3379;20220326;   10;   8.8;   2.5;    3;   0.0;   0;   11.700;   0;   0.0;   5.1;  965.42;   10.5;   42.13;   18.2;    3.0;   -0.4;eor
       3379;20220327;   10;   8.9;   2.0;    3;   0.0;   0;   11.933;   0;   0.0;   5.4;  965.49;   10.6;   45.25;   19.2;    1.8;   -1.2;eor
       3379;20220328;   10;   9.6;   2.1;    3;   0.0;   0;   11.783;   0;   1.0;   5.4;  960.12;   12.2;   41.88;   20.4;    3.8;    0.5;eor
       3379;20220329;   10;  10.5;   3.0;    3;   0.0;   6;    3.733;   0;   7.7;   5.6;  949.17;   13.2;   37.25;   17.4;    8.5;    5.6;eor
       3379;20220330;   10;   8.2;   2.3;    3;   0.7;   6;    0.000;   0;   7.7;   8.4;  940.62;   10.2;   67.63;   11.9;    7.5;    6.0;eor
       3379;20220331;   10;   7.7;   2.0;    3;  12.0;   8;    0.050;   0;   7.8;   8.7;  934.43;    7.7;   83.54;   10.4;    6.0;    4.7;eor
       3379;20220401;   10;   9.2;   3.2;    3;  10.0;   8;    0.000;   0;   7.5;   6.6;  935.84;    2.3;   91.17;    6.3;    0.2;    0.1;eor
       3379;20220402;   10;  10.1;   3.2;    3;   7.4;   8;    0.000;   4;   7.5;   5.2;  945.52;   -0.7;   90.08;    0.3;   -1.5;   -1.4;eor
       3379;20220403;   10;   7.1;   2.3;    3;   0.1;   8;    2.650;   9;   7.1;   4.4;  956.11;   -0.2;   73.58;    2.3;   -1.7;   -2.8;eor
       3379;20220404;   10;  16.3;   4.0;    3;   0.9;   8;   11.150;   1;   3.2;   4.4;  954.14;    2.4;   62.13;    7.4;   -3.1;   -5.1;eor
       3379;20220405;   10;  17.2;   5.5;    3;   2.6;   6;    0.000;   0;   7.7;   7.6;  949.49;    6.6;   76.71;    9.6;    2.9;    2.2;eor
       3379;20220406;   10;   9.4;   3.0;    3;   0.0;   6;    7.417;   0;   6.5;   8.8;  945.51;   11.8;   64.46;   17.1;    7.5;    5.3;eor
       3379;20220407;   10;  26.1;   7.6;    3;   6.7;   6;    5.550;   0;   7.0;   8.0;  938.60;   11.7;   58.88;   15.6;    8.5;    7.3;eor
       3379;20220408;   10;  20.8;   5.4;    3;   6.4;   8;    0.600;   0;   7.3;   8.8;  938.73;    9.5;   75.17;   15.0;    6.1;    5.5;eor
       3379;20220409;   10;  24.6;   5.0;    3;   0.0;   8;    6.200;   0;   6.6;   5.5;  948.30;    5.1;   63.25;   13.2;    1.2;    1.0;eor
       3379;20220410;   10;  11.3;   3.2;    3;   0.1;   8;    5.267;   0;   6.8;   5.6;  958.13;    4.1;   68.79;    8.3;    1.7;    0.2;eor
       3379;20220411;   10;   8.1;   2.6;    3;   0.0;   0;   12.033;   0;   6.4;   5.7;  956.36;    7.4;   57.92;   14.7;    0.2;   -1.5;eor
       3379;20220412;   10;   7.9;   2.5;    3;   0.0;   0;   11.550;   0;   7.7;   6.9;  953.36;   11.8;   52.54;   19.7;    2.9;    0.7;eor
       3379;20220413;   10;   7.4;   1.9;    3;   0.0;   0;   11.567;   0;   7.2;   8.8;  954.18;   13.3;   58.63;   21.3;    5.1;    3.2;eor
       3379;20220414;   10;   8.1;   2.3;    3;   3.9;   6;   12.633;   0;   6.0;   9.8;  956.83;   15.7;   58.08;   22.7;    8.5;    6.1;eor
       3379;20220415;   10;   9.6;   2.7;    3;   0.0;   0;    6.350;   0;   6.1;  10.6;  961.25;   14.0;   68.08;   19.2;    8.1;    6.7;eor
       3379;20220416;   10;  10.8;   3.0;    3;   0.0;   6;    4.117;   0;   4.0;   6.8;  965.63;    7.3;   66.25;   11.2;    3.1;    1.0;eor
       3379;20220417;   10;  10.7;   3.2;    3;   0.0;   0;   13.433;   0;   2.8;   4.9;  963.38;    6.5;   52.92;   11.8;    0.4;   -0.8;eor
       3379;20220418;   10;   9.4;   2.6;    3;   0.0;   0;   13.517;   0;   5.0;   5.1;  955.80;    8.1;   50.08;   14.2;    0.7;   -0.7;eor
       3379;20220419;   10;  11.6;   3.2;    3;   0.0;   6;    6.000;   0;   6.2;   6.0;  950.88;    9.0;   53.21;   15.3;    3.7;    2.0;eor
       3379;20220420;   10;   8.3;   2.8;    3;   0.0;   0;   13.450;   0;   0.5;   5.3;  951.31;    7.2;   55.08;   13.6;    1.3;   -0.1;eor
       3379;20220421;   10;  10.0;   2.9;    3;   0.0;   0;   11.133;   0;   1.8;   6.1;  947.03;    9.6;   52.63;   16.0;    3.2;    1.3;eor
       3379;20220422;   10;   8.3;   3.1;    3;   0.0;   0;    9.367;   0;   6.6;   8.2;  941.35;    9.8;   68.21;   16.1;    4.6;    2.9;eor
       3379;20220423;   10;  10.9;   3.8;    3;   0.1;   6;    1.533;   0;   7.5;   9.2;  941.59;    9.8;   76.83;   14.4;    6.6;    6.9;eor
       3379;20220424;   10;  11.4;   3.2;    3;   3.9;   6;    1.083;   0;   7.9;   9.3;  939.91;    9.7;   77.67;   13.0;    7.7;    7.2;eor
       3379;20220425;   10;   8.5;   2.9;    3;   2.4;   6;    3.800;   0;   6.6;   9.6;  948.33;   10.4;   77.33;   16.1;    7.8;    7.4;eor
       3379;20220426;   10;   9.5;   2.2;    3;   9.3;   6;    1.383;   0;   7.2;   9.4;  953.50;    8.6;   84.21;   11.6;    5.6;    4.1;eor
       3379;20220427;   10;   7.0;   2.3;    3;   0.0;   0;    6.050;   0;   4.8;   8.3;  960.57;    9.0;   74.04;   14.1;    5.0;    3.6;eor
       3379;20220428;   10;  10.8;   2.6;    3;   0.0;   0;   12.900;   0;   0.4;   7.4;  964.69;   10.6;   62.04;   17.1;    3.5;    2.0;eor
       3379;20220429;   10;  10.8;   2.8;    3;   0.0;   0;   11.133;   0;   5.1;   7.0;  962.91;   11.8;   54.63;   18.8;    3.4;    2.0;eor
       3379;20220430;   10;   8.3;   2.0;    3;   0.3;   6;    1.333;   0;   7.9;   8.6;  959.22;   10.4;   68.29;   13.2;    6.8;    5.5;eor
       3379;20220501;   10;   4.9;   1.7;    3;   0.7;   6;    0.833;   0;   6.6;   9.6;  958.40;    9.3;   82.54;   12.7;    5.6;    4.2;eor
       3379;20220502;   10;   6.7;   1.7;    3;   0.0;   0;    8.033;   0;   6.8;   9.5;  954.58;   11.7;   70.75;   17.8;    4.3;    3.2;eor
       3379;20220503;   10;   9.3;   1.9;    3;   4.1;   6;    7.100;   0;   6.0;  10.4;  953.50;   13.6;   69.17;   20.1;    7.8;    6.0;eor
       3379;20220504;   10;  10.5;   2.0;    3;   6.6;   6;    5.050;   0;   7.9;  11.6;  955.26;   13.4;   76.92;   19.6;    9.8;    8.8;eor
       3379;20220505;   10;   7.3;   2.1;    3;   7.2;   6;    7.450;   0;   7.0;  10.9;  957.44;   14.4;   67.79;   19.4;    8.3;    7.5;eor
       3379;20220506;   10;   6.2;   1.7;    3;   1.9;   6;    0.000;   0;   7.7;  12.6;  960.05;   11.8;   90.63;   13.2;   10.3;   10.2;eor
       3379;20220507;   10;   5.9;   1.7;    3;   3.7;   6;    0.450;   0;   7.9;  12.8;  959.99;   12.5;   88.58;   15.9;   11.2;   11.1;eor
       3379;20220508;   10;   8.3;   2.5;    3;   0.0;   6;    0.383;   0;   7.9;  12.7;  960.97;   13.5;   82.67;   17.4;   10.3;    8.8;eor
       3379;20220509;   10;  10.7;   2.8;    3;   0.0;   0;   12.117;   0;   2.4;  11.9;  962.22;   15.2;   71.92;   21.8;    8.6;    7.4;eor
       3379;20220510;   10;   7.4;   1.7;    3;   0.0;   0;   12.017;   0;   3.8;  11.2;  959.80;   17.1;   61.33;   24.4;    9.3;    7.9;eor
       3379;20220511;   10;  11.6;   3.5;    3;   0.0;   0;   14.067;   0;   4.7;  10.6;  956.14;   21.5;   43.83;   27.4;   14.6;   13.2;eor
       3379;20220512;   10;  16.9;   4.1;    3;   2.3;   6;   10.550;   0;   5.2;  12.4;  957.53;   21.4;   50.25;   26.9;   15.6;   15.1;eor
       3379;20220513;   10;   8.0;   2.5;    3;  43.1;   6;    4.717;   0;   5.8;  15.1;  959.46;   16.3;   82.13;   19.7;   12.4;   11.5;eor
       3379;20220514;   10;   7.1;   1.6;    3;   0.0;   0;   12.133;   0;   4.2;  11.3;  959.55;   16.9;   62.63;   23.1;   11.2;   10.1;eor
       3379;20220515;   10;   7.2;   1.9;    3;   0.0;   0;   14.383;   0;   3.5;  11.0;  957.38;   17.9;   57.71;   24.9;    9.3;    8.2;eor
       3379;20220516;   10;  18.0;   2.4;    3;  10.4;   6;    6.133;   0;   7.7;  13.7;  958.14;   17.3;   70.50;   24.0;   12.6;   11.7;eor
       3379;20220517;   10;   8.3;   2.4;    3;   0.0;   0;   10.400;   0;   6.0;  12.9;  960.40;   17.7;   65.92;   23.1;   13.1;   12.0;eor
       3379;20220518;   10;   9.3;   2.6;    3;   0.0;   0;   14.817;   0;   2.5;  12.1;  962.15;   18.6;   59.21;   24.9;   11.3;   10.2;eor
       3379;20220519;   10;   9.4;   2.4;    3;   0.1;   6;   12.400;   0;   5.4;  12.6;  961.01;   21.3;   50.96;   29.5;   10.5;    9.7;eor
       3379;20220520;   10;  14.0;   2.9;    3;   0.6;   6;   13.133;   0;   6.0;  13.7;  959.27;   24.9;   46.25;   31.9;   17.2;   15.8;eor
       3379;20220521;   10;  11.9;   3.8;    3;   0.0;   0;   14.050;   0;   4.9;  11.8;  959.77;   19.0;   55.29;   23.4;   13.6;   12.8;eor
       3379;20220522;   10;   7.0;   2.1;    3;   0.0;   6;   12.317;   0;   5.4;  10.0;  954.18;   18.8;   48.00;   24.4;   11.6;   11.0;eor
       3379;20220523;   10;  24.7;   3.2;    3;  25.1;   6;    5.450;   0;   6.7;  13.7;  946.55;   18.8;   64.29;   26.6;   13.2;   13.4;eor
       3379;20220524;   10;   8.7;   2.4;    3;  10.5;   6;    0.000;   0;   7.8;  14.3;  949.23;   14.3;   87.21;   15.4;   12.6;   12.5;eor
       3379;20220525;   10;   6.1;   2.1;    3;   3.6;   6;    4.883;   0;   6.4;  12.1;  956.23;   14.7;   73.46;   18.6;   12.3;   11.7;eor
       3379;20220526;   10;  11.1;   2.9;    3;   0.0;   0;   11.083;   0;   3.3;  11.3;  961.67;   16.1;   63.58;   21.3;   10.9;    9.4;eor
       3379;20220527;   10;  12.7;   3.9;    3;   0.4;   6;    8.500;   0;   5.5;  12.1;  959.68;   16.8;   64.29;   22.6;   12.1;   10.7;eor
       3379;20220528;   10;  10.7;   3.0;    3;   0.0;   0;   10.717;   0;   4.8;   8.5;  956.90;   12.8;   58.88;   16.5;    7.6;    7.0;eor
       3379;20220529;   10;  11.6;   1.9;    3;   1.2;   6;    4.167;   0;   5.8;   8.6;  950.54;    8.9;   76.38;   14.8;    5.7;    4.8;eor
       3379;20220530;   10;   6.2;   1.7;    3;   0.0;   0;   10.283;   0;   4.4;   8.2;  950.60;   11.4;   64.04;   17.6;    4.4;    3.7;eor
       3379;20220531;   10;  10.0;   2.6;    3;   0.3;   6;    7.917;   0;   5.3;  10.4;  952.30;   15.2;   62.38;   22.8;    8.2;    7.3;eor
       3379;20220601;   10;  11.1;   3.1;    3;   0.9;   6;    7.367;   0;   5.5;  11.6;  955.05;   16.6;   63.54;   23.2;   11.9;   10.3;eor
       3379;20220602;   10;   5.6;   1.8;    3;   0.3;   6;    6.867;   0;   5.8;  13.2;  957.79;   17.0;   69.71;   22.6;   12.0;   10.9;eor
       3379;20220603;   10;  13.7;   2.4;    3;  14.1;   6;    8.050;   0;   5.4;  16.2;  956.05;   19.0;   75.38;   27.4;   12.5;   11.3;eor
       3379;20220604;   10;   9.1;   2.2;    3;   0.0;   6;   11.600;   0;   4.2;  16.8;  957.21;   20.2;   72.75;   26.2;   13.2;   12.7;eor
       3379;20220605;   10;  15.1;   3.0;    3;  11.3;   6;    3.167;   0;   7.9;  16.8;  955.39;   18.0;   81.63;   22.7;   14.5;   13.3;eor
       3379;20220606;   10;   7.1;   1.9;    3;   5.3;   6;    9.483;   0;   5.4;  14.6;  956.83;   18.9;   68.88;   25.0;   12.5;   11.3;eor
       3379;20220607;   10;   8.3;   2.1;    3;   7.2;   6;    1.517;   0;   7.5;  14.3;  955.15;   15.6;   81.17;   18.3;   13.5;   12.2;eor
       3379;20220608;   10;  12.6;   2.7;    3;   7.2;   6;    9.300;   0;   6.3;  12.7;  950.76;   17.4;   66.17;   23.7;   12.8;   12.0;eor
       3379;20220609;   10;  12.8;   3.3;    3;   9.4;   6;    1.800;   0;   7.9;  13.3;  954.42;   14.0;   83.75;   17.3;   12.0;   11.5;eor
       3379;20220610;   10;   6.0;   2.3;    3;   0.0;   0;   10.617;   0;   4.3;  11.8;  962.26;   16.0;   67.25;   21.4;   11.2;   10.6;eor
       3379;20220611;   10;   6.1;   1.7;    3;   0.0;   0;   14.383;   0;   0.5;  12.0;  962.42;   18.6;   59.79;   25.0;   11.2;   10.0;eor
       3379;20220612;   10;   6.1;   2.1;    3;  10.1;   6;   15.367;   0;   0.2;  11.5;  959.96;   22.3;   45.42;   28.5;   14.8;   12.7;eor
       3379;20220613;   10;  13.2;   3.4;    3;   0.0;   0;    9.350;   0;   5.8;  13.1;  958.89;   18.5;   63.46;   22.9;   13.4;   12.2;eor
       3379;20220614;   10;   7.0;   2.1;    3;   0.0;   0;   14.967;   0;   2.5;  10.5;  959.80;   18.3;   52.54;   23.9;   11.0;    9.8;eor
       3379;20220615;   10;   6.8;   2.2;    3;   0.0;   0;   14.317;   0;   2.5;  13.6;  956.75;   21.3;   54.92;   28.8;   13.4;   11.6;eor
       3379;20220616;   10;  12.3;   3.1;    3;   0.1;   6;   11.833;   0;   3.5;  13.8;  957.59;   22.6;   51.83;   28.7;   17.2;   15.7;eor
       3379;20220617;   10;   7.9;   2.1;    3;   0.0;   0;   14.917;   0;   5.6;  11.4;  962.77;   20.7;   48.54;   26.3;   13.8;   12.7;eor
       3379;20220618;   10;   6.8;   2.1;    3;   0.0;   0;   14.483;   0;   1.7;  12.2;  959.52;   24.7;   41.75;   31.9;   14.5;   13.3;eor
       3379;20220619;   10;   8.3;   2.7;    3;   0.2;   6;   14.783;   0;   2.5;  15.7;  951.00;   28.2;   42.21;   35.1;   19.4;   17.1;eor
       3379;20220620;   10;  22.6;   3.7;    3;   0.0;   6;   10.683;   0;   4.6;  15.8;  951.65;   24.1;   53.92;   30.7;   17.3;   17.4;eor
       3379;20220621;   10;   8.1;   2.8;    3;   1.7;   6;    7.700;   0;   6.5;  12.9;  953.31;   19.7;   56.46;   25.9;   14.2;   14.9;eor
       3379;20220622;   10;   7.9;   2.0;    3;   0.0;   6;    0.867;   0;   7.8;  17.9;  951.84;   20.3;   75.08;   23.1;   16.6;   16.2;eor
       3379;20220623;   10;  10.6;   2.8;    3;   1.9;   6;   13.250;   0;   4.3;  17.4;  952.31;   23.3;   62.46;   28.9;   18.0;   17.2;eor
       3379;20220624;   10;  16.0;   2.7;    3;  17.6;   6;    2.950;   0;   7.7;  16.4;  951.15;   18.9;   76.54;   25.5;   14.4;   14.2;eor
       3379;20220625;   10;   8.1;   2.1;    3;   0.0;   0;   10.167;   0;   4.2;  14.1;  954.02;   19.4;   64.88;   25.4;   14.4;   14.1;eor
       3379;20220626;   10;   9.6;   2.7;    3;   0.0;   0;   13.683;   0;   2.2;  15.8;  953.83;   23.5;   55.96;   29.1;   17.4;   16.4;eor
       3379;20220627;   10;  12.1;   3.2;    3;  16.9;   6;   11.617;   0;   4.2;  17.3;  954.96;   22.4;   65.33;   30.1;   16.6;   16.6;eor
       3379;20220628;   10;   9.2;   2.4;    3;   1.7;   6;    2.250;   0;   7.4;  17.2;  958.75;   18.6;   81.00;   21.8;   16.2;   15.9;eor
       3379;20220629;   10;   7.4;   2.0;    3;   0.0;   0;    5.217;   0;   6.5;  18.1;  953.67;   20.5;   75.88;   25.3;   16.8;   16.2;eor
       3379;20220630;   10;   8.1;   2.2;    3;   0.2;   6;   10.883;   0;   2.9;  17.8;  951.99;   22.5;   67.13;   29.2;   16.2;   15.2;eor
       3379;20220701;   10;  11.6;   2.7;    3;   3.1;   6;    1.783;   0;   6.1;  14.6;  958.93;   15.2;   84.50;   18.9;   11.5;   10.5;eor
       3379;20220702;   10;  10.3;   3.1;    3;   0.0;   0;   15.717;   0;   0.0;  12.6;  961.19;   17.7;   65.79;   24.6;   10.3;    9.3;eor
       3379;20220703;   10;   8.2;   2.2;    3;   0.4;   6;   15.233;   0;   2.0;  14.1;  958.14;   23.2;   53.63;   30.8;   14.4;   13.6;eor
       3379;20220704;   10;  14.7;   2.6;    3;  12.5;   6;    5.767;   0;   7.4;  16.8;  958.09;   21.7;   66.25;   27.2;   17.2;   16.9;eor
       3379;20220705;   10;   9.9;   2.6;    3;   0.0;   0;   11.283;   0;   3.6;  14.3;  959.21;   21.0;   60.54;   26.6;   16.2;   15.7;eor
       3379;20220706;   10;  10.3;   3.0;    3;   0.0;   0;   13.683;   0;   3.3;  12.1;  960.70;   20.5;   51.50;   25.5;   15.0;   13.6;eor
       3379;20220707;   10;  11.3;   2.9;    3;   4.3;   6;    0.283;   0;   7.9;  12.4;  961.34;   16.0;   68.38;   19.3;   14.1;   14.0;eor
       3379;20220708;   10;   9.4;   2.8;    3;   0.0;   0;    9.383;   0;   4.5;  10.6;  966.90;   15.5;   60.75;   19.5;   12.3;   12.4;eor
       3379;20220709;   10;   7.4;   2.4;    3;   0.7;   6;    5.100;   0;   7.4;  11.5;  964.11;   18.6;   55.00;   24.2;   12.8;   11.4;eor
       3379;20220710;   10;  11.0;   3.3;    3;   0.0;   0;    8.983;   0;   4.5;  11.7;  961.23;   16.6;   63.33;   20.6;   11.9;   10.9;eor
       3379;20220711;   10;   7.7;   2.1;    3;   0.0;   0;    4.333;   0;   7.6;  11.4;  961.69;   17.5;   57.08;   22.0;   12.4;   11.8;eor
       3379;20220712;   10;   7.3;   1.9;    3;   0.0;   0;   12.350;   0;   5.0;  12.5;  962.98;   18.9;   59.58;   25.2;   13.0;   12.0;eor
       3379;20220713;   10;   5.9;   1.9;    3;   0.0;   6;   11.833;   0;   4.9;  11.5;  961.69;   23.0;   44.25;   30.9;   14.5;   13.0;eor
       3379;20220714;   10;  13.1;   3.4;    3;   0.3;   6;   12.700;   0;   6.0;  12.3;  957.11;   26.5;   37.92;   33.8;   19.9;   18.2;eor
       3379;20220715;   10;   8.9;   2.6;    3;   0.0;   0;   12.067;   0;   4.2;  11.0;  958.68;   21.3;   44.63;   26.3;   16.7;   16.1;eor
       3379;20220716;   10;  10.6;   2.6;    3;   0.0;   0;   15.033;   0;   1.4;   9.8;  960.75;   20.5;   42.08;   26.5;   15.1;   14.1;eor
       3379;20220717;   10;   7.3;   2.0;    3;   0.0;   0;   15.083;   0;   0.9;   9.9;  963.78;   20.8;   43.88;   28.0;   12.5;   11.5;eor
       3379;20220718;   10;   7.3;   2.1;    3;   0.0;   0;   14.717;   0;   4.0;  10.4;  962.92;   23.4;   39.88;   30.8;   13.6;   12.6;eor
       3379;20220719;   10;  11.0;   3.1;    3;   0.0;   0;   14.967;   0;   0.0;  12.0;  959.45;   24.9;   41.54;   33.3;   15.3;   14.3;eor
       3379;20220720;   10;  14.2;   2.3;    3;   0.8;   6;   11.950;   0;   4.6;  13.2;  957.03;   27.2;   40.75;   36.8;   16.6;   15.5;eor
       3379;20220721;   10;   7.1;   2.0;    3;   0.7;   6;    2.817;   0;   5.5;  19.0;  960.48;   21.4;   75.00;   24.6;   19.1;   17.0;eor
       3379;20220722;   10;   7.2;   2.1;    3;   3.3;   6;   14.250;   0;   1.9;  16.6;  957.58;   25.1;   55.54;   32.0;   15.9;   14.8;eor
       3379;20220723;   10;  23.9;   3.1;    3;   0.1;   6;    3.600;   0;   7.5;  17.7;  957.88;   22.7;   64.83;   26.6;   17.6;   16.8;eor
       3379;20220724;   10;   6.1;   1.9;    3;   0.0;   0;   12.750;   0;   2.5;  16.1;  958.32;   24.9;   53.63;   30.9;   17.9;   16.7;eor
       3379;20220725;   10;  13.4;   3.3;    3;  22.5;   6;   13.950;   0;   1.9;  16.1;  952.90;   26.9;   50.46;   35.5;   17.9;   16.8;eor
       3379;20220726;   10;   8.3;   2.7;    3;   2.7;   6;    2.500;   0;   7.2;  17.9;  955.40;   20.0;   77.17;   23.9;   17.4;   17.0;eor
       3379;20220727;   10;   8.9;   2.1;    3;   0.0;   0;    6.383;   0;   6.0;  13.8;  954.86;   20.9;   57.75;   25.3;   16.1;   15.1;eor
       3379;20220728;   10;  10.3;   3.2;    3;   0.0;   6;   13.300;   0;   2.8;  15.1;  954.25;   21.6;   60.17;   27.8;   15.0;   13.9;eor
       3379;20220729;   10;  12.4;   2.8;    3;   3.2;   6;    6.733;   0;   7.2;  15.6;  955.45;   21.0;   64.88;   27.7;   16.5;   15.5;eor
       3379;20220730;   10;  13.4;   3.7;    3;   0.4;   6;    8.633;   0;   5.4;  14.3;  957.37;   20.4;   62.42;   25.7;   16.4;   15.5;eor
       3379;20220731;   10;   8.4;   2.5;    3;   0.0;   0;    7.067;   0;  -999;  13.8;  957.60;   22.2;   53.88;   28.1;   16.3;   14.9;eor
       3379;20220801;   10;  10.3;   3.1;    3;   3.9;   6;    7.850;   0;  -999;  15.4;  956.90;   22.3;   58.63;   29.0;   16.7;   15.9;eor
       3379;20220802;   10;   7.3;   1.7;    3;   0.0;   0;   12.033;   0;   6.2;  15.3;  957.97;   21.8;   61.67;   28.7;   16.2;   15.4;eor
       3379;20220803;   10;   7.8;   2.1;    3;   0.0;   0;   14.567;   0;   0.7;  13.9;  956.45;   24.6;   49.29;   32.5;   15.2;   14.3;eor
       3379;20220804;   10;   7.2;   1.8;    3;   0.0;   0;   14.450;   0;   0.0;  15.3;  954.87;   26.7;   47.00;   34.6;   17.0;   15.9;eor
       3379;20220805;   10;  15.0;   2.9;    3;  25.0;   6;    9.683;   0;   5.5;  17.3;  955.35;   25.2;   57.00;   31.6;   17.7;   17.4;eor
       3379;20220806;   10;   7.5;   2.4;    3;   0.5;   6;    0.583;   0;   8.0;  16.3;  961.94;   17.4;   82.13;   20.2;   14.3;   14.5;eor
       3379;20220807;   10;  10.5;   3.4;    3;   0.0;   0;    8.333;   0;   7.4;  13.8;  960.32;   19.0;   64.54;   23.8;   15.2;   14.6;eor
       3379;20220808;   10;   8.2;   2.4;    3;   0.0;   0;   13.167;   0;   2.5;  12.9;  961.16;   19.8;   58.04;   25.8;   13.6;   12.6;eor
       3379;20220809;   10;  10.3;   2.9;    3;   0.0;   0;   14.183;   0;   0.0;  12.2;  962.87;   20.3;   53.88;   26.4;   13.1;   12.3;eor
       3379;20220810;   10;  12.4;   3.9;    3;   0.0;   0;   14.133;   0;   0.2;  11.2;  962.00;   20.7;   47.92;   26.5;   14.6;   13.2;eor
       3379;20220811;   10;  10.5;   3.4;    3;   0.0;   0;   13.517;   0;   2.5;  11.3;  959.31;   20.6;   48.42;   27.4;   14.4;   13.1;eor
       3379;20220812;   10;  13.1;   3.0;    3;   0.0;   6;   13.100;   0;   1.3;  11.3;  957.25;   19.2;   52.92;   25.7;   12.8;   11.7;eor
       3379;20220813;   10;   8.7;   2.2;    3;   0.0;   0;   11.417;   0;   5.9;  11.8;  955.02;   19.6;   54.21;   26.1;   12.1;   11.3;eor
       3379;20220814;   10;   8.7;   2.6;    3;   0.1;   6;   13.283;   0;   1.5;  12.4;  949.36;   22.3;   49.67;   30.4;   12.9;   11.9;eor
       3379;20220815;   10;  14.2;   3.0;    3;   0.0;   6;    4.933;   0;   7.0;  13.8;  948.12;   22.3;   52.17;   28.1;   18.7;   17.6;eor
       3379;20220816;   10;   6.1;   1.9;    3;   0.0;   0;   12.500;   0;   1.5;  -999;  950.96;   22.8;-999;   30.0;   17.0;   14.0;eor
       3379;20220817;   10;  12.6;   1.8;    3;   1.9;   6;   11.583;   0;   4.9;  -999;  950.65;   24.1;-999;   31.9;   16.1;   13.0;eor
       3379;20220818;   10;  11.0;   2.6;    3;   2.4;   6;    6.417;   0;   6.8;  17.9;  951.10;   20.5;   75.96;   26.1;   16.5;   15.7;eor
       3379;20220819;   10;  10.0;   3.2;    3;   8.1;   6;    1.567;   0;   7.8;  18.3;  952.25;   18.5;   85.96;   22.0;   16.9;   16.8;eor
       3379;20220820;   10;  10.2;   2.5;    3;  24.9;   6;    0.217;   0;   7.8;  18.1;  956.41;   17.5;   90.58;   21.3;   16.0;   15.7;eor
       3379;20220821;   10;   7.8;   2.2;    3;   0.0;   0;   10.667;   0;   1.5;  15.0;  955.67;   18.9;   70.92;   24.7;   14.3;   13.1;eor
       3379;20220822;   10;   8.5;   2.1;    3;   0.0;   0;   12.683;   0;   1.3;  12.4;  955.01;   18.1;   63.00;   24.6;   12.4;   11.6;eor
       3379;20220823;   10;   7.0;   1.7;    3;   0.0;   0;   13.267;   0;   0.0;  11.8;  957.00;   18.4;   59.88;   25.8;   11.3;   10.0;eor
       3379;20220824;   10;   7.6;   2.2;    3;   0.0;   0;   12.800;   0;   0.4;  14.1;  958.26;   19.4;   63.79;   26.2;   11.9;   10.9;eor
       3379;20220825;   10;   8.8;   2.4;    3;   0.0;   0;   11.567;   0;   4.2;  17.4;  955.58;   21.5;   69.88;   28.4;   14.8;   13.8;eor
       3379;20220826;   10;  17.7;   2.1;    3;  14.5;   6;    8.183;   0;   6.6;  17.8;  952.85;   21.4;   72.33;   28.7;   16.1;   14.6;eor
       3379;20220827;   10;   6.8;   2.1;    3;  14.6;   6;    3.167;   0;   7.5;  17.9;  953.56;   19.6;   79.25;   24.6;   16.4;   16.4;eor
       3379;20220828;   10;   4.9;   1.5;    3;  10.7;   6;    1.300;   0;   6.2;  18.7;  956.20;   17.9;   91.00;   20.8;   15.2;   14.7;eor
       3379;20220829;   10;   7.3;   1.5;    3;   0.0;   0;   10.833;   0;   2.2;  15.9;  958.35;   19.0;   74.54;   25.2;   13.6;   13.0;eor
       3379;20220830;   10;   6.8;   1.9;    3;   0.0;   0;   12.417;   0;   3.1;  15.2;  957.81;   20.2;   67.50;   26.9;   13.5;   12.8;eor
       3379;20220831;   10;   7.6;   1.9;    3;   3.6;   6;    0.083;   0;   7.9;  15.9;  957.88;   16.7;   83.42;   19.7;   14.5;   14.3;eor
       3379;20220901;   10;   8.9;   3.1;    3;   0.0;   0;    7.100;   0;   5.5;  13.0;  957.99;   16.4;   71.08;   21.3;   11.7;   10.5;eor
       3379;20220902;   10;  10.7;   2.9;    3;   0.0;   0;   12.633;   0;   3.5;  11.0;  954.92;   16.0;   63.08;   22.0;   10.0;    8.9;eor
       3379;20220903;   10;  15.6;   1.9;    3;   5.9;   6;    5.417;   0;   4.9;  13.6;  954.44;   15.8;   76.21;   23.7;   11.0;    9.9;eor
       3379;20220904;   10;   6.1;   2.0;    3;   0.0;   0;   10.917;   0;   1.8;  14.3;  959.22;   18.7;   68.92;   25.4;   13.7;   12.4;eor
       3379;20220905;   10;   5.8;   1.6;    3;   0.0;   0;   11.933;   0;   3.1;  15.1;  960.16;   19.3;   70.29;   27.1;   12.4;   11.3;eor
       3379;20220906;   10;   9.0;   2.2;    3;   0.0;   6;    7.600;   0;   6.0;  16.5;  957.47;   20.4;   70.46;   28.1;   13.9;   12.8;eor
       3379;20220907;   10;  10.5;   2.0;    3;   0.2;   6;    8.083;   0;   7.4;  16.8;  954.23;   21.8;   65.63;   28.0;   16.9;   16.0;eor
       3379;20220908;   10;  11.6;   3.2;    3;   2.3;   6;    4.500;   0;   5.7;  14.5;  952.42;   17.9;   71.50;   22.6;   15.2;   13.6;eor
       3379;20220909;   10;  10.7;   2.6;    3;   1.0;   6;    1.600;   0;   6.5;  13.7;  954.21;   16.3;   74.08;   19.7;   12.5;   11.4;eor
       3379;20220910;   10;  13.5;   3.3;    3;  12.5;   6;    3.383;   0;   7.3;  13.1;  955.70;   14.3;   80.54;   19.5;   12.4;   11.3;eor
       3379;20220911;   10;  10.9;   3.1;    3;   2.6;   6;    1.717;   0;   6.4;  13.9;  957.61;   14.5;   84.04;   18.8;   10.7;    9.8;eor
       3379;20220912;   10;   5.1;   1.6;    3;   0.0;   0;   12.383;   0;   3.8;  12.2;  955.87;   15.5;   72.42;   22.4;    8.8;    7.8;eor
       3379;20220913;   10;   6.0;   1.8;    3;   0.1;   6;    8.817;   0;   7.2;  13.5;  951.56;   18.5;   66.04;   26.7;    9.7;    8.9;eor
       3379;20220914;   10;  15.0;   3.3;    3;   3.4;   6;    3.667;   0;   7.3;  17.3;  947.14;   20.5;   72.83;   26.2;   16.7;   15.6;eor
       3379;20220915;   10;  16.8;   4.4;    3;   1.6;   6;    1.733;   0;   7.8;  14.9;  947.73;   17.4;   75.58;   21.4;   13.6;   12.7;eor
       3379;20220916;   10;   8.4;   2.4;    3;  11.4;   6;    0.000;   0;   7.7;  12.2;  949.98;   12.2;   85.88;   14.5;    9.7;    8.7;eor
       3379;20220917;   10;  12.6;   4.1;    3;   7.9;   6;    2.683;   0;   7.0;   9.3;  952.32;    9.0;   81.21;   11.9;    6.5;    5.8;eor
       3379;20220918;   10;  12.8;   4.8;    3;   7.0;   6;    0.433;   0;   7.6;   9.2;  954.64;    9.6;   77.38;   12.0;    6.9;    6.1;eor
       3379;20220919;   10;  11.3;   4.0;    3;   0.1;   6;    3.217;   0;   7.0;   9.0;  957.52;    9.6;   76.42;   13.5;    6.1;    5.3;eor
       3379;20220920;   10;   9.3;   2.7;    3;   1.3;   6;    2.967;   0;   7.3;   9.0;  960.55;    9.8;   75.29;   14.2;    6.1;    4.9;eor
       3379;20220921;   10;   8.5;   2.2;    3;   0.0;   0;   11.083;   0;   0.4;   8.1;  962.92;    9.4;   70.88;   15.4;    3.9;    2.8;eor
       3379;20220922;   10;   8.0;   2.2;    3;   0.0;   0;   11.450;   0;   0.1;   8.0;  960.68;    9.3;   70.71;   16.5;    3.0;    1.9;eor
       3379;20220923;   10;   5.3;   1.5;    3;   0.0;   0;   10.917;   0;   4.9;   9.3;  956.44;   10.9;   72.33;   18.9;    2.8;    1.7;eor
       3379;20220924;   10;   4.9;   1.3;    3;   2.3;   6;    0.083;   0;   8.0;  12.8;  952.42;   12.7;   86.75;   15.2;    9.4;    8.5;eor
       3379;20220925;   10;   5.8;   1.4;    3;   3.0;   6;    0.850;   0;   7.0;  12.5;  950.90;   11.8;   90.21;   15.7;    8.7;    7.9;eor
       3379;20220926;   10;   7.8;   2.5;    3;   3.6;   6;    4.267;   0;   7.2;  10.7;  946.80;   12.1;   76.54;   15.6;   10.4;   10.1;eor
       3379;20220927;   10;  15.2;   4.1;    3;  11.4;   6;    2.717;   0;   7.4;   9.7;  941.24;    9.6;   80.96;   11.9;    7.1;    6.7;eor
       3379;20220928;   10;  10.4;   2.7;    3;  10.2;   6;    0.000;   0;   7.7;   9.7;  939.57;    8.3;   88.38;    9.6;    7.3;    6.7;eor
       3379;20220929;   10;   4.6;   1.4;    3;   3.8;   6;    0.000;   0;   7.6;   9.9;  942.67;    8.5;   89.46;   10.3;    7.0;    6.8;eor
       3379;20220930;   10;   4.5;   1.2;    3;   0.0;   0;    2.100;   0;   7.8;  10.3;  949.98;   10.3;   83.17;   13.3;    6.9;    6.4;eor
       3379;20221001;    3;  11.4;   3.5;    3;   8.6;   6;    0.850;   0;   7.4;  11.0;  953.80;   10.8;   85.29;   12.7;    8.0;    6.3;eor
       3379;20221002;    3;  12.4;   2.7;    3;  29.6;   6;    0.650;   0;   7.7;  13.1;  959.00;   12.6;   89.83;   18.9;   10.6;   10.2;eor
       3379;20221003;    3;   7.6;   1.9;    3;   0.0;   0;    5.167;   0;   4.0;  10.3;  964.18;    9.8;   85.75;   15.6;    5.2;    4.2;eor
       3379;20221004;    3;   5.5;   1.5;    3;   0.0;   0;    9.250;   0;   5.5;   9.8;  962.18;   10.0;   81.13;   16.8;    4.0;    3.0;eor
       3379;20221005;    3;   6.6;   2.1;    3;   0.0;   0;    9.533;   0;   6.0;  10.8;  961.83;   14.2;   69.46;   22.6;    5.9;    4.8;eor
       3379;20221006;    3;   6.8;   2.3;    3;   0.0;   0;    9.383;   0;   2.8;  12.4;  967.57;   14.8;   73.58;   20.2;    9.6;    7.6;eor
       3379;20221007;    3;   4.5;   1.5;    3;   0.0;   0;    4.867;   0;   4.5;  12.6;  962.97;   12.9;   84.92;   18.6;    9.3;    8.2;eor
       3379;20221008;    3;   6.1;   2.0;    3;   2.0;   6;    1.117;   0;   7.9;  12.9;  960.50;   12.8;   87.25;   17.4;    8.0;    7.2;eor
       3379;20221009;    3;   8.8;   2.5;    3;   0.0;   6;    0.150;   0;   7.8;  10.2;  960.56;   10.0;   83.58;   14.0;    7.1;    6.1;eor
       3379;20221010;    3;   6.0;   1.7;    3;   0.2;   6;    2.817;   0;   7.1;  12.9;  958.06;   13.6;   83.63;   19.3;    8.8;    8.8;eor
       3379;20221011;    3;   5.7;   1.8;    3;   0.0;   0;    1.633;   0;   7.8;  13.3;  961.79;   13.9;   84.13;   18.0;   11.4;   10.6;eor
       3379;20221012;    3;   4.7;   1.5;    3;   0.0;   0;    0.000;   0;   6.8;  12.6;  961.78;   12.2;   88.75;   14.9;    7.8;    6.4;eor
       3379;20221013;    3;   9.7;   1.6;    3;   8.8;   6;    1.217;   0;   6.8;  11.9;  959.47;   12.1;   84.67;   16.0;    7.5;    6.2;eor
       3379;20221014;    3;   9.6;   2.2;    3;  14.9;   6;    4.283;   0;   7.7;  12.7;  955.52;   13.9;   80.96;   18.8;   11.3;   11.1;eor
       3379;20221015;    3;  14.7;   3.3;    3;   1.1;   6;    2.450;   0;   7.4;  14.2;  952.73;   15.4;   82.04;   19.5;   12.4;   10.9;eor
       3379;20221016;    3;   5.6;   1.9;    3;   0.0;   0;    7.767;   0;   5.3;  13.2;  958.63;   16.9;   72.08;   25.2;   11.7;    9.9;eor
       3379;20221017;    3;   5.4;   1.4;    3;   0.0;   0;    9.933;   0;   5.4;  12.4;  963.90;   15.4;   74.79;   25.2;    8.9;    7.5;eor
       3379;20221018;    3;   9.1;   2.2;    3;   0.5;   6;    5.983;   0;   4.8;  13.7;  965.40;   15.7;   78.67;   22.9;   10.3;    8.4;eor
       3379;20221019;    3;   7.0;   1.9;    3;   0.0;   0;    0.883;   0;   7.3;  13.7;  963.14;   14.2;   85.04;   17.5;   10.4;    9.0;eor
       3379;20221020;    3;   6.6;   2.2;    3;   0.0;   6;    2.300;   0;   8.0;  11.9;  957.23;   12.1;   84.83;   16.6;    9.3;    9.3;eor
       3379;20221021;    3;   9.4;   2.4;    3;   7.2;   6;    0.133;   0;   8.0;  13.4;  953.55;   14.2;   82.67;   17.0;   12.1;   10.7;eor
       3379;20221022;    3;   9.0;   2.3;    3;   0.0;   6;    4.817;   0;   5.8;  13.0;  956.71;   13.9;   82.79;   18.9;   10.6;    8.3;eor
       3379;20221023;    3;   8.6;   1.9;    3;   6.1;   6;    7.617;   0;   7.5;  12.4;  955.32;   14.5;   76.04;   21.5;    7.7;    6.3;eor
       3379;20221024;    3;  10.0;   3.3;    3;   8.7;   6;    0.000;   0;   7.6;  13.5;  956.41;   14.1;   84.08;   17.3;   10.7;    8.9;eor
       3379;20221025;    3;   6.8;   2.4;    3;   0.2;   6;    7.983;   0;   4.9;  11.4;  958.62;   13.6;   74.67;   19.0;   10.2;    8.3;eor
       3379;20221026;    3;   9.0;   1.9;    3;   0.3;   6;    1.400;   0;   7.9;  12.8;  960.18;   14.7;   77.58;   20.0;   10.6;    9.2;eor
       3379;20221027;    3;   5.3;   1.7;    3;   0.0;   0;    9.683;   0;   2.0;  12.0;  964.82;   14.3;   75.50;   22.2;    8.3;    6.5;eor
       3379;20221028;    3;   5.0;   1.3;    3;   0.0;   0;    7.667;   0;   6.4;  12.1;  964.19;   16.1;   69.88;   26.1;    8.9;    7.1;eor
       3379;20221029;    3;   4.4;   1.8;    3;   0.0;   0;    6.750;   0;   6.9;  12.2;  962.73;   17.4;   63.67;   26.2;   11.2;    9.3;eor
       3379;20221030;    3;   3.3;   1.2;    3;   0.0;   0;    8.283;   0;   6.2;  12.0;  960.21;   14.5;   75.33;   23.5;    9.2;    7.3;eor
       3379;20221031;    3;   5.4;   1.4;    3;   0.0;   0;    6.833;   0;   4.9;  12.2;  958.38;   12.9;   83.46;   19.6;    7.9;    6.2;eor
       3379;20221101;    3;   8.5;   2.1;    3;   0.2;   6;    1.433;   0;   7.3;  11.4;  959.14;   12.7;   79.08;   18.1;    7.7;    5.7;eor
       3379;20221102;    3;   8.7;   2.3;    3;   0.0;   0;    3.383;   0;   6.5;  10.3;  962.71;   11.0;   78.88;   15.4;    6.3;    4.4;eor
       3379;20221103;    3;  12.9;   1.5;    3;   0.5;   6;    6.283;   0;   7.3;   9.8;  952.78;    9.0;   85.33;   13.3;    4.1;    2.5;eor
       3379;20221104;    3;  15.0;   2.7;    3;   5.8;   6;    0.033;   0;   7.6;   8.9;  947.95;    7.9;   82.88;   12.0;    5.5;    4.1;eor
       3379;20221105;    3;   5.8;   2.1;    3;   1.0;   6;    0.217;   0;   7.3;   9.0;  956.55;    7.1;   89.13;    9.2;    4.4;    2.8;eor
       3379;20221106;    3;  10.5;   2.3;    3;   0.0;   6;    7.150;   0;   5.9;   8.0;  955.86;    6.5;   83.29;   10.6;    1.6;    0.0;eor
       3379;20221107;    3;   9.4;   2.8;    3;   0.0;   0;    7.650;   0;   6.8;   8.5;  956.99;   11.3;   64.25;   15.4;    7.1;    4.0;eor
       3379;20221108;    3;   5.9;   1.6;    3;   0.0;   0;    8.117;   0;   6.8;   8.1;  954.65;    9.1;   71.50;   16.0;    2.8;    0.8;eor
       3379;20221109;    3;   7.3;   1.9;    3;   4.1;   6;    3.317;   0;   7.9;   9.2;  954.91;   10.7;   71.29;   16.9;    4.6;    2.7;eor
       3379;20221110;    3;   8.0;   1.9;    3;   0.0;   6;    6.600;   0;   5.3;  10.1;  965.53;    9.8;   83.75;   14.1;    4.9;    2.7;eor
       3379;20221111;    3;   4.1;   1.1;    3;   0.0;   0;    7.150;   0;   6.8;   8.4;  971.02;    6.6;   87.00;   11.6;    2.8;    1.2;eor
       3379;20221112;    3;   5.6;   1.2;    3;   0.0;   0;    2.267;   0;   7.8;   7.9;  969.71;    4.3;   94.50;    7.9;    1.9;    1.2;eor
       3379;20221113;    3;   5.0;   1.9;    3;   0.0;   0;    5.483;   0;   5.2;   7.7;  960.08;    4.5;   91.38;   10.3;    1.1;    1.5;eor
       3379;20221114;    3;   5.4;   1.6;    3;   0.0;   0;    6.467;   0;   4.5;   8.1;  955.81;    6.1;   86.46;   10.9;    2.8;    1.8;eor
       3379;20221115;    3;   6.0;   1.7;    3;   1.1;   6;    8.200;   0;   3.8;   7.8;  950.11;    7.6;   75.79;   14.7;    1.7;   -0.1;eor
       3379;20221116;    3;   6.4;   1.7;    3;   1.3;   4;    0.733;   0;   5.8;   9.2;  943.13;    7.2;   90.13;   12.0;    3.3;    1.1;eor
       3379;20221117;    3;   8.6;   2.0;    3;   9.3;   6;    2.417;   0;   7.5;   8.8;  938.79;    8.3;   80.83;   12.9;    3.0;    1.2;eor
       3379;20221118;    3;  11.3;   3.7;    3;   8.1;   6;    0.000;   0;   7.3;   8.8;  942.06;    6.6;   89.58;    8.1;    4.8;    3.6;eor
       3379;20221119;    3;  10.1;   3.2;    3;   0.7;   6;    2.967;   0;   7.2;   7.8;  948.04;    6.3;   81.92;    9.0;    5.0;    4.2;eor
       3379;20221120;    3;  15.4;   3.9;    3;   2.8;   6;    0.633;   0;   7.3;   6.9;  949.79;    5.6;   75.63;    7.7;    3.8;    2.0;eor
       3379;20221121;    3;  13.2;   3.9;    3;   1.1;   6;    3.967;   0;   6.0;   6.6;  943.77;    4.8;   77.21;    8.5;    2.7;    1.2;eor
       3379;20221122;    3;   6.5;   2.3;    3;   2.8;   6;    0.000;   0;   7.5;   7.6;  939.79;    5.3;   84.54;    6.3;    2.9;    2.5;eor
       3379;20221123;    3;  12.8;   2.1;    3;   3.5;   6;    5.217;   0;   5.2;   7.0;  943.73;    5.7;   77.67;    9.8;    3.0;    1.0;eor
       3379;20221124;    3;  16.3;   3.7;    3;   2.8;   6;    2.433;   0;   5.3;   7.9;  953.08;    6.0;   84.04;    9.0;    2.1;   -0.1;eor
       3379;20221125;    3;   5.9;   1.9;    3;   5.6;   6;    3.717;   0;   7.1;   7.3;  957.71;    5.1;   83.13;   11.1;    0.4;   -0.7;eor
       3379;20221126;    3;   5.6;   1.8;    3;   0.0;   6;    1.083;   0;   5.5;   7.6;  967.54;    4.7;   88.46;    7.0;    0.1;   -1.6;eor
       3379;20221127;    3;   6.3;   1.8;    3;   0.0;   0;    5.750;   0;   6.0;   5.8;  962.91;    0.5;   91.71;    4.9;   -2.1;   -3.4;eor
       3379;20221128;    3;   6.2;   1.3;    3;   3.8;   6;    0.000;   0;   7.6;   6.7;  953.32;    3.7;   83.75;    6.4;    0.6;    0.0;eor
       3379;20221129;    3;   5.4;   1.8;    3;   1.9;   6;    0.000;   0;   7.7;   8.0;  954.60;    4.9;   91.92;    5.9;    2.1;    2.2;eor
       3379;20221130;    3;   6.2;   2.1;    3;   0.0;   0;    0.000;   0;   7.9;   6.0;  958.35;    2.3;   83.00;    3.7;    1.3;    1.5;eor
       3379;20221201;    3;   3.9;   1.5;    3;   0.0;   0;    0.000;   0;   8.0;   6.0;  958.72;    2.1;   84.75;    3.0;    0.9;    1.1;eor
       3379;20221202;    3;   5.2;   1.2;    3;   1.1;   6;    0.000;   0;   7.8;   6.3;  955.96;    2.3;   87.96;    3.0;    1.1;    1.3;eor
       3379;20221203;    3;   6.0;   2.5;    3;   0.0;   6;    0.000;   0;   8.0;   5.7;  954.25;    0.1;   92.92;    1.4;   -0.5;   -0.2;eor
       3379;20221204;    3;   6.0;   1.9;    3;   0.0;   0;    0.000;   0;   8.0;   6.2;  950.20;    0.9;   94.46;    2.5;   -0.4;   -0.1;eor
       3379;20221205;    3;   6.7;   2.0;    3;   1.7;   6;    0.000;   0;   7.8;   6.6;  955.98;    2.6;   89.79;    4.6;    0.7;    0.7;eor
       3379;20221206;    3;   5.8;   2.0;    3;   0.0;   6;    0.733;   0;   7.0;   6.1;  955.47;    2.5;   83.75;    3.8;    0.5;   -1.1;eor
       3379;20221207;    3;   6.5;   1.9;    3;   0.0;   6;    2.083;   0;   7.1;   5.8;  953.53;    2.3;   81.25;    5.0;    1.1;   -0.6;eor
       3379;20221208;    3;   3.9;   1.2;    3;   0.0;   0;    0.467;   0;   6.1;   5.7;  947.72;    1.2;   85.38;    3.6;   -1.8;   -3.5;eor
       3379;20221209;    3;   4.7;   1.4;    3;   1.7;   8;    0.000;   0;   7.6;   5.3;  941.53;   -0.7;   91.33;    0.5;   -2.6;   -3.6;eor
       3379;20221210;    3;   7.2;   2.1;    3;   3.1;   8;    0.000;   1;   7.5;   5.6;  944.03;   -0.4;   93.67;    0.4;   -1.9;   -2.3;eor
       3379;20221211;    3;   7.4;   2.6;    3;   0.0;   8;    1.167;   5;   7.5;   4.1;  946.89;   -2.5;   81.38;   -1.3;   -3.6;   -4.2;eor
       3379;20221212;    3;   5.0;   2.0;    3;   0.0;   7;    6.883;   4;   3.7;   3.4;  948.90;   -3.8;   74.67;   -0.8;   -6.7;   -8.3;eor
       3379;20221213;    3;   7.2;   2.4;    3;   0.0;   8;    7.183;   3;   4.9;   2.9;  946.31;   -7.2;   81.46;   -5.6;  -10.2;  -11.0;eor
       3379;20221214;    3;   6.8;   1.9;    3;  11.8;   8;    0.000;   3;   7.8;   4.7;  939.58;   -2.3;   89.63;    0.8;   -5.9;   -5.5;eor
       3379;20221215;    3;   6.3;   2.2;    3;   4.8;   8;    0.000;   6;   7.8;   5.1;  942.90;   -1.4;   92.67;    0.1;   -2.3;   -2.1;eor
       3379;20221216;    3;   7.1;   2.6;    3;   4.1;   7;    0.000;   7;   7.5;   4.9;  946.81;   -1.8;   91.79;    0.0;   -3.4;   -1.7;eor
       3379;20221217;    3;   5.5;   1.9;    3;   0.0;   7;    7.117;  11;   4.8;   3.8;  961.57;   -4.3;   86.17;   -2.0;   -6.4;   -6.0;eor
       3379;20221218;    3;   6.0;   2.3;    3;   0.0;   7;    0.000;  10;   8.0;   3.7;  966.94;   -5.5;   90.08;   -4.6;   -6.1;   -3.5;eor
       3379;20221219;    3;   4.5;   1.3;    3;   0.0;   6;    0.700;  10;   7.6;   5.1;  964.34;   -1.1;   88.38;    2.8;   -6.0;   -3.5;eor
       3379;20221220;    3;   4.1;   1.2;    3;   0.0;   6;    0.367;   9;   8.0;   6.7;  958.80;    2.8;   89.13;    7.6;   -0.2;   -2.5;eor
       3379;20221221;    3;   6.4;   2.2;    3;   1.5;   6;    0.000;   6;   7.3;   8.3;  954.73;    6.5;   85.50;    9.3;    2.6;    0.1;eor
       3379;20221222;    3;  22.0;   4.9;    3;   4.1;   6;    1.150;   0;   7.5;   8.3;  950.77;    9.3;   71.58;   11.7;    5.6;    4.2;eor
       3379;20221223;    3;  14.3;   4.7;    3;  18.4;   6;    0.033;   0;   7.7;  11.1;  948.05;   10.5;   87.25;   12.4;    7.5;    6.7;eor
       3379;20221224;    3;  10.9;   3.7;    3;   0.0;   6;    1.900;   0;   7.6;   8.7;  955.24;    9.5;   73.38;   11.1;    7.0;    6.1;eor
       3379;20221225;    3;   6.7;   2.1;    3;   0.0;   6;    7.350;   0;   6.0;   9.4;  956.43;    9.6;   78.58;   14.4;    7.0;    3.9;eor
       3379;20221226;    3;  15.8;   3.7;    3;  10.9;   6;    3.317;   0;   6.7;   8.7;  958.08;    9.1;   75.25;   14.5;    5.8;    4.0;eor
       3379;20221227;    3;  13.7;   2.7;    3;   0.0;   0;    5.550;   0;   5.1;   6.5;  965.60;    4.5;   76.83;    7.0;    1.2;   -1.2;eor
       3379;20221228;    3;   6.9;   2.6;    3;   0.0;   0;    3.600;   0;   7.4;   6.1;  959.33;    5.1;   70.38;    9.5;    0.6;   -1.6;eor
       3379;20221229;    3;   9.5;   3.2;    3;   1.2;   6;    3.417;   0;   7.8;   6.0;  953.10;    8.9;   52.33;   13.5;    5.1;    3.0;eor
       3379;20221230;    3;  13.3;   2.9;    3;   1.5;   6;    6.100;   0;   6.1;   8.1;  955.09;    7.4;   78.33;   12.7;    4.3;    2.0;eor
       3379;20221231;    3;  14.7;   3.1;    3;   0.0;   6;    2.850;   0;   7.7;  10.0;  958.24;   13.9;   63.67;   20.0;   10.5;    7.2;eor
       3379;20230101;    3;   6.6;   2.4;    3;   0.0;   0;    7.833;   0;   5.8;   8.0;  960.93;   12.2;   56.63;   18.5;    6.4;    3.5;eor
       3379;20230102;    3;   8.1;   1.8;    3;   0.4;   6;    4.183;   0;   6.5;   7.6;  960.45;    9.3;   67.04;   14.9;    3.5;    0.9;eor
       3379;20230103;    3;   7.3;   1.5;    3;   0.7;   6;    0.000;   0;   7.3;   8.5;  967.60;    7.0;   85.08;   10.4;    3.7;    1.4;eor
       3379;20230104;    3;  17.5;   4.5;    3;   0.1;   6;    2.967;   0;   6.0;   7.7;  964.51;    7.4;   76.33;   11.2;    2.1;    0.3;eor
       3379;20230105;    3;  17.4;   5.5;    3;   2.3;   6;    0.000;   0;   7.8;   9.9;  960.93;    9.8;   81.42;   11.1;    8.3;    7.1;eor
       3379;20230106;    3;   9.6;   2.6;    3;   0.0;   0;    5.883;   0;   7.0;   8.5;  961.27;    8.1;   79.21;   10.9;    4.6;    2.4;eor
       3379;20230107;    3;   7.3;   1.6;    3;   0.0;   0;    7.650;   0;   4.4;   7.3;  956.10;    6.6;   75.25;   10.7;    1.3;   -1.0;eor
       3379;20230108;    3;   5.0;   1.6;    3;   0.1;   6;    1.250;   0;   7.3;   6.0;  947.25;    4.8;   70.79;    8.8;    0.4;   -1.8;eor
       3379;20230109;    3;  15.3;   4.6;    3;   0.4;   6;    0.083;   0;   7.7;   6.5;  944.25;    5.6;   71.29;    7.5;    3.6;    2.8;eor
       3379;20230110;    3;  11.4;   3.7;    3;   0.2;   6;    0.967;   0;   6.9;   6.0;  958.55;    3.4;   76.88;    5.2;    1.0;   -0.4;eor
       3379;20230111;    3;  11.9;   3.4;    3;   4.3;   6;    1.150;   0;   7.7;   7.5;  956.79;    6.6;   76.21;   11.6;    2.0;    1.4;eor
       3379;20230112;    3;  14.8;   4.6;    3;   0.0;   0;    0.700;   0;   7.3;   6.6;  957.76;    6.6;   68.54;    9.0;    3.8;    2.1;eor
       3379;20230113;    3;  24.1;   5.2;    3;   0.7;   6;    1.067;   0;   6.7;   6.9;  954.45;    7.9;   65.38;   11.9;    3.3;    1.8;eor
       3379;20230114;    3;  13.2;   3.1;    3;   0.2;   6;    3.250;   0;   6.8;   6.3;  955.62;    6.8;   64.88;   10.0;    3.3;    1.0;eor
       3379;20230115;    3;  17.8;   4.4;    3;   0.9;   6;    0.000;   0;   7.7;   6.6;  946.91;    6.5;   67.92;   13.4;    2.2;    0.4;eor
       3379;20230116;    3;  17.4;   3.3;    3;   0.0;   6;    5.267;   0;   5.8;   4.9;  934.21;    3.0;   65.08;    6.0;    0.1;   -1.7;eor
       3379;20230117;    3;  11.7;   2.7;    3;   0.0;   7;    4.450;   0;   5.8;   4.8;  927.32;    2.1;   68.54;    4.3;    0.3;   -2.5;eor
       3379;20230118;    3;  11.3;   3.7;    3;   0.3;   8;    1.367;   0;   7.5;   4.7;  933.40;    0.9;   72.25;    3.1;   -1.2;   -3.1;eor
       3379;20230119;    3;   6.6;   2.4;    3;   0.0;   7;    2.683;   1;   7.9;   4.1;  946.26;   -1.0;   72.08;    0.6;   -2.6;   -6.0;eor
       3379;20230120;    3;   6.1;   2.1;    3;   2.4;   8;    0.000;   0;   7.8;   4.6;  952.57;   -1.3;   81.96;   -0.6;   -2.3;   -2.7;eor
       3379;20230121;    3;   6.9;   2.4;    3;   4.5;   7;    0.000;   3;   7.6;   4.6;  958.32;   -2.5;   89.71;   -1.7;   -3.6;   -4.8;eor
       3379;20230122;    3;   4.4;   1.2;    3;   0.1;   7;    0.000;  12;   7.7;   4.5;  962.07;   -2.5;   88.42;   -1.3;   -4.2;   -4.4;eor
       3379;20230123;    3;   7.9;   2.5;    3;   0.2;   8;    0.000;  10;   7.6;   5.0;  966.21;   -1.3;   89.79;    0.4;   -4.6;   -5.6;eor
       3379;20230124;    3;   8.2;   3.1;    3;   0.0;   6;    0.000;   7;   7.8;   6.1;  969.21;    0.9;   93.42;    1.6;    0.1;    0.1;eor
       3379;20230125;    3;   6.6;   2.5;    3;   0.0;   6;    0.000;   1;   8.0;   5.5;  965.71;   -0.2;   91.96;    0.6;   -1.2;   -1.0;eor
       3379;20230126;    3;   4.3;   1.5;    3;   0.1;   8;    0.000;   0;   7.9;   4.7;  957.01;   -1.4;   85.38;   -1.0;   -1.8;   -1.6;eor
       3379;20230127;    3;   5.8;   2.0;    3;   0.3;   8;    0.000;   0;   7.8;   4.8;  956.78;   -1.4;   87.38;   -0.5;   -2.1;   -1.9;eor
       3379;20230128;    3;   5.0;   1.8;    3;   0.1;   8;    0.033;   1;   7.9;   4.8;  961.47;   -1.0;   85.17;    0.3;   -2.0;   -2.0;eor
       3379;20230129;    3;   5.9;   1.9;    3;   0.0;   0;    0.000;   1;   7.0;   4.6;  963.57;   -0.9;   80.79;    0.2;   -3.1;   -4.3;eor
       3379;20230130;    3;  17.7;   5.2;    3;   0.0;   8;    2.067;   0;   5.9;   4.7;  959.00;    0.5;   73.63;    3.6;   -3.8;   -4.9;eor
       3379;20230131;    3;  13.4;   5.5;    3;   0.0;   8;    2.767;   0;   7.5;   5.1;  962.49;    2.6;   69.63;    3.9;    1.1;    0.4;eor
       3379;20230201;    3;  19.1;   7.1;    3;   0.0;   6;    0.000;   0;   7.9;   5.6;  959.71;    4.1;   68.75;    5.0;    2.8;    2.2;eor
       3379;20230202;    3;  19.1;   7.9;    3;   2.8;   6;    0.000;   0;   7.5;   6.4;  961.71;    4.0;   78.79;    4.6;    3.4;    2.3;eor
       3379;20230203;    3;  20.2;   7.8;    3;   3.3;   6;    0.050;   0;   7.8;   6.4;  964.40;    5.4;   71.00;    7.1;    4.3;    3.3;eor
       3379;20230204;    3;  11.3;   3.1;    3;   0.0;   6;    0.867;   0;   7.1;   6.0;  970.31;    2.9;   79.25;    4.7;   -0.9;   -2.9;eor
       3379;20230205;    3;   5.5;   1.3;    3;   0.6;   8;    3.617;   0;   7.3;   5.3;  972.02;    0.4;   83.79;    3.8;   -3.0;   -4.6;eor
       3379;20230206;    3;   6.1;   2.0;    3;   0.0;   8;    3.733;   0;   5.3;   4.2;  972.68;   -1.4;   75.63;    0.0;   -3.8;   -5.1;eor
       3379;20230207;    3;   8.0;   2.8;    3;   0.0;   0;    9.417;   0;   0.3;   3.4;  973.29;   -2.6;   68.13;    2.1;   -5.7;   -7.1;eor
       3379;20230208;    3;  10.0;   3.2;    3;   0.0;   0;    9.483;   0;   0.0;   3.2;  971.72;   -3.2;   67.13;   -0.2;   -6.0;   -7.3;eor
       3379;20230209;    3;   5.7;   1.4;    3;   0.0;   0;    9.400;   0;   0.2;   3.7;  969.76;   -1.7;   70.04;    4.9;   -7.3;   -8.7;eor
       3379;20230210;    3;   5.5;   1.8;    3;   0.0;   0;    9.333;   0;   2.6;   4.2;  974.15;   -0.1;   70.71;    5.3;   -4.3;   -6.6;eor
       3379;20230211;    3;   6.8;   2.1;    3;   0.0;   0;    1.767;   0;   6.9;   4.7;  972.85;    2.4;   64.75;    7.2;   -2.4;   -4.9;eor
       3379;20230212;    3;   6.8;   1.9;    3;   0.0;   0;    4.483;   0;   6.0;   6.6;  974.33;    4.1;   81.38;    9.1;    0.7;    0.5;eor
       3379;20230213;    3;   5.9;   1.7;    3;   0.0;   0;    0.000;   0;   8.0;   6.1;  974.33;    1.0;   92.46;    2.5;   -1.0;   -0.6;eor
       3379;20230214;    3;   4.4;   1.3;    3;   0.0;   0;    6.950;   0;   5.8;   5.7;  971.99;    0.4;   91.04;    5.3;   -1.8;   -1.4;eor
       3379;20230215;    3;   3.7;   1.2;    3;   0.0;   0;    7.500;   0;   5.5;   5.8;  967.11;    0.8;   90.25;    8.0;   -2.4;   -2.2;eor
       3379;20230216;    3;   9.6;   2.1;    3;   0.0;   6;    8.850;   0;   7.0;   5.4;  965.18;    5.7;   64.25;   13.4;   -2.6;   -3.7;eor
       3379;20230217;    3;  16.9;   5.6;    3;   0.2;   6;    1.167;   0;   7.9;   7.7;  963.55;   11.1;   57.38;   13.8;    8.4;    6.1;eor
       3379;20230218;    3;  18.0;   6.5;    3;   2.9;   6;    4.850;   0;   7.5;   9.1;  961.74;   11.8;   65.88;   14.8;   10.3;    8.6;eor
       3379;20230219;    3;  18.2;   5.8;    3;   0.0;   6;    1.367;   0;   7.8;   8.0;  961.78;    8.9;   69.88;   11.3;    7.5;    6.5;eor
       3379;20230220;    3;  10.7;   3.8;    3;   0.0;   0;    8.550;   0;   3.9;   6.9;  963.24;    9.5;   59.50;   14.7;    5.4;    3.6;eor
       3379;20230221;    3;   5.7;   1.9;    3;   0.0;   0;   10.200;   0;   2.6;   6.7;  957.94;    9.2;   59.63;   16.2;    4.3;    1.0;eor
       3379;20230222;    3;   5.6;   1.9;    3;   0.0;   0;    7.650;   0;   7.7;   6.8;  952.60;    8.8;   62.25;   16.4;    2.1;   -0.4;eor
       3379;20230223;    3;   5.6;   1.8;    3;   0.2;   6;    0.217;   0;   7.0;   8.7;  952.10;    8.2;   80.13;   11.6;    5.2;    2.7;eor
       3379;20230224;    3;  14.4;   2.8;    3;  21.8;   8;    1.050;   0;   6.6;   8.3;  945.40;    7.0;   82.96;   11.0;    2.2;    1.0;eor
       3379;20230225;    3;  12.3;   3.9;    3;   2.8;   8;    1.117;   0;   7.7;   5.4;  944.40;    1.7;   80.08;    5.7;   -1.9;   -1.8;eor
       3379;20230226;    3;  10.5;   3.7;    3;   0.3;   8;    1.400;   4;   7.0;   4.3;  951.90;   -1.9;   80.42;    1.1;   -4.4;   -5.4;eor
       3379;20230227;    3;  13.5;   4.8;    3;   0.0;   8;    0.583;   1;   7.5;   3.9;  959.00;   -1.6;   70.92;    0.2;   -2.6;   -4.0;eor
       3379;20230228;    3;   8.5;   3.1;    3;   0.0;   0;    4.117;   1;   6.6;   4.1;  960.75;   -0.5;   70.13;    3.4;   -3.6;   -5.3;eor
       3379;20230301;    3;   9.4;   3.3;    3;   0.0;   0;    5.833;   0;   4.9;   5.0;  957.65;    2.1;   70.46;    6.2;   -1.1;   -1.5;eor
       3379;20230302;    3;   7.0;   2.2;    3;   0.0;   0;   10.250;   0;   2.0;   5.8;  954.53;    3.1;   77.25;   11.5;   -1.2;   -3.3;eor
       3379;20230303;    3;   4.2;   1.8;    3;   0.0;   0;    2.800;   0;   6.3;   6.0;  957.28;    3.1;   79.54;    7.5;   -0.2;   -1.6;eor
       3379;20230304;    3;   7.7;   2.9;    3;   0.0;   0;    9.617;   0;   5.2;   5.3;  958.39;    1.5;   77.58;    6.7;   -0.6;   -2.4;eor
       3379;20230305;    3;   6.1;   2.2;    3;   0.0;   8;    0.033;   0;   7.9;   4.9;  953.04;    1.6;   71.42;    3.4;   -0.4;   -1.2;eor
       3379;20230306;    3;   8.3;   2.2;    3;   0.0;   0;    0.000;   0;   7.9;   4.8;  945.15;    2.5;   65.50;    3.9;    0.8;    0.0;eor
       3379;20230307;    3;  13.7;   3.7;    3;   0.0;   0;    9.533;   0;   6.6;   4.6;  941.35;    4.4;   55.46;    8.3;    1.6;   -0.1;eor
       3379;20230308;    3;  18.7;   4.7;    3;   5.1;   6;    1.467;   0;   7.5;   6.7;  938.43;    7.0;   65.04;   12.4;    2.2;    0.4;eor
       3379;20230309;    3;  20.2;   5.8;    3;   0.0;   6;    5.433;   0;   6.4;   8.0;  939.72;   10.2;   65.38;   14.1;    7.0;    4.0;eor
       3379;20230310;    3;  25.1;   5.9;    3;   0.6;   8;    2.350;   0;   7.3;   6.9;  936.58;    8.5;   62.38;   13.2;    2.8;    1.9;eor
       3379;20230311;    3;  13.6;   4.1;    3;   0.0;   7;    7.900;   0;   6.8;   4.0;  946.94;    2.0;   57.17;    5.3;   -0.1;   -1.2;eor
       3379;20230312;    3;   8.9;   2.3;    3;   1.9;   8;    0.283;   0;   7.8;   6.8;  952.40;    4.8;   76.92;    9.8;   -0.2;   -2.2;eor
       3379;20230313;    3;  13.8;   3.5;    3;   3.3;   6;    6.933;   0;   7.3;   8.1;  946.24;   11.8;   59.88;   19.5;    4.9;    3.2;eor
       3379;20230314;    3;  18.0;   4.9;    3;   6.4;   8;    0.483;   0;   7.5;   7.9;  941.92;    8.3;   71.54;   12.7;    3.6;    1.8;eor
       3379;20230315;    3;  13.0;   3.7;    3;   0.1;   8;    5.367;   1;   6.6;   5.4;  955.12;    2.9;   73.58;    7.0;   -0.1;   -0.9;eor
       3379;20230316;    3;   7.9;   2.6;    3;   0.0;   0;    9.683;   0;   7.3;   5.7;  957.50;    4.2;   71.54;   10.2;   -0.5;   -2.1;eor
       3379;20230317;    3;   5.0;   1.8;    3;   0.0;   0;    9.750;   0;   7.5;   6.9;  951.89;    8.5;   63.46;   16.3;    1.3;   -0.7;eor
       3379;20230318;    3;   6.2;   1.9;    3;   0.0;   0;    7.450;   0;   6.6;   7.4;  952.33;   11.4;   56.92;   18.3;    4.6;    2.2;eor
       3379;20230319;    3;   6.6;   1.9;    3;   4.7;   6;    1.350;   0;   8.0;   8.7;  954.90;    9.8;   72.21;   14.1;    5.9;    3.5;eor
       3379;20230320;    3;   8.1;   2.4;    3;   0.0;   6;    2.333;   0;   7.8;   8.6;  958.33;    9.5;   73.25;   13.3;    7.5;    5.6;eor
       3379;20230321;    3;   5.7;   1.5;    3;   0.0;   6;    4.017;   0;   7.8;   8.2;  955.68;   11.1;   63.46;   15.9;    7.6;    6.7;eor
       3379;20230322;    3;   8.8;   2.6;    3;   0.0;   0;   11.333;   0;   7.3;   7.8;  952.44;   13.5;   52.33;   19.4;    7.3;    4.3;eor
       3379;20230323;    3;  11.2;   2.7;    3;   0.2;   6;    0.283;   0;   8.0;   8.7;  951.10;   13.8;   55.25;   18.5;    9.6;    7.6;eor
       3379;20230324;    3;  14.9;   4.2;    3;   2.1;   6;    0.067;   0;   7.6;   9.9;  948.86;   12.2;   69.42;   15.3;    8.7;    7.2;eor
       3379;20230325;    3;  18.0;   6.5;    3;   0.0;   6;    5.067;   0;   6.0;   7.2;  950.83;    9.0;   62.58;   11.9;    7.3;    5.4;eor
       3379;20230326;    3;  16.4;   3.6;    3;   4.8;   6;    0.217;   0;   7.7;   7.6;  946.03;    7.3;   73.75;    9.3;    5.1;    3.9;eor
       3379;20230327;    3;  13.9;   4.7;    3;   2.2;   8;    2.217;   0;   6.3;   5.9;  952.84;    2.7;   80.21;    5.2;    0.2;   -1.2;eor
       3379;20230328;    3;  10.7;   3.2;    3;   0.3;   8;    7.867;   0;   5.8;   4.5;  962.92;    3.1;   61.42;    7.3;   -1.0;   -2.5;eor
       3379;20230329;    3;  12.4;   3.5;    3;   8.5;   6;    0.800;   0;   7.7;   7.6;  957.71;    9.0;   67.17;   14.7;    2.7;    1.6;eor
       3379;20230330;    3;  17.6;   3.9;    3;   5.4;   6;    1.483;   0;   7.2;  10.5;  953.28;   11.5;   77.46;   16.6;    9.0;    6.7;eor
       3379;20230331;    3;  23.5;   4.8;    3;   3.0;   6;    2.733;   0;   7.4;   8.8;  945.26;   10.0;   72.08;   14.3;    7.7;    6.1;eor
       3379;20230401;    3;  20.4;   6.5;    3;   0.9;   6;    2.000;   0;   7.5;   7.6;  944.67;    8.5;   68.75;   11.5;    7.0;    6.0;eor
       3379;20230402;    1;  10.4;   4.0;    1;   2.9;   8;    0.683;   0;   7.8;   7.7;  953.52;    6.8;   77.71;   11.0;    1.4;    1.4;eor
       3379;20230403;    1;   9.3;   3.6;    1;   0.0;   8;    2.217;   0;   7.0;   4.9;  961.59;    2.7;   66.92;    6.0;   -0.4;   -2.1;eor
       3379;20230404;    1;   9.4;   3.0;    1;   0.0;   0;    9.533;   0;   1.7;   3.6;  960.97;    0.9;   56.38;    5.4;   -2.5;   -4.1;eor
       3379;20230405;    1;   8.2;   2.1;    1;   0.0;   0;   12.283;   0;   2.8;   3.9;  958.18;    2.3;   56.04;    7.5;   -2.8;   -4.3;eor
       3379;20230406;    1;   7.9;   1.9;    1;   0.0;   6;   10.300;   0;   3.4;   4.3;  956.98;    5.5;   50.08;   11.4;   -1.5;   -3.4;eor
       3379;20230407;    1;   6.9;   2.1;    1;   0.0;   6;    2.083;   0;   7.2;   6.6;  954.70;    7.6;   62.92;   11.8;    4.1;    2.4;eor
       3379;20230408;    1;   7.5;   2.5;    1;   0.3;   6;    0.000;   0;   7.0;   7.3;  958.82;    5.0;   83.67;    6.0;    3.5;    2.2;eor
       3379;20230409;    1;   7.2;   1.9;    1;   0.0;   0;    7.900;   0;   4.2;   6.7;  962.12;    6.7;   69.92;   10.5;    2.6;    1.0;eor
       3379;20230410;    1;   8.8;   2.7;    1;   0.0;   6;   11.533;   0;   5.0;   6.2;  959.43;    8.8;   57.42;   15.3;    1.0;   -1.0;eor
       3379;20230411;    1;  16.0;   4.1;    1;   3.5;   6;    2.933;   0;   7.4;   7.7;  953.68;    9.7;   64.25;   13.0;    5.0;    3.2;eor
       3379;20230412;    1;  10.8;   2.9;    1;  17.7;   6;    1.283;   0;   7.6;   8.8;  946.22;    8.9;   77.79;   14.4;    4.8;    4.4;eor
       3379;20230413;    1;  10.5;   3.1;    1;   9.5;   6;    2.300;   0;   7.3;   7.1;  946.38;    6.7;   73.08;    9.9;    3.7;    3.7;eor
       3379;20230414;    1;  10.2;   2.8;    1;  12.1;   6;    1.633;   0;   7.7;   7.8;  946.21;    5.6;   86.63;    9.7;    3.3;    3.2;eor
       3379;20230415;    1;  11.0;   3.2;    1;   3.0;   6;    0.567;   0;   7.8;   7.4;  947.36;    6.5;   77.38;    9.5;    4.6;    4.3;eor
       3379;20230416;    1;   6.4;   2.5;    1;   0.2;   6;    0.017;   0;   7.8;   8.2;  956.01;    6.4;   84.83;    8.7;    4.5;    3.6;eor
       3379;20230417;    1;   9.4;   1.8;    1;   0.6;   6;    1.750;   0;   7.5;   8.8;  958.45;    8.1;   82.00;   13.1;    5.0;    3.6;eor
       3379;20230418;    1;   8.5;   3.1;    1;   0.3;   6;    0.217;   0;   7.8;   9.2;  958.98;    8.5;   83.17;   11.4;    5.9;    5.9;eor
       3379;20230419;    1;  10.3;   2.3;    1;  12.8;   6;    0.000;   0;   7.5;   8.7;  957.12;    6.8;   87.71;   10.7;    4.0;    3.7;eor
       3379;20230420;    1;   9.1;   2.7;    1;   0.2;   6;    0.000;   0;   7.9;   7.8;  951.79;    5.5;   85.46;    8.0;    3.5;    3.3;eor
       3379;20230421;    1;  10.9;   2.1;    1;   0.0;   0;   10.450;   0;   5.3;   9.2;  950.67;   12.0;   67.33;   19.7;    5.8;    5.0;eor
       3379;20230422;    1;   6.7;   1.8;    1;   0.0;   6;   11.667;   0;   7.7;   9.0;  949.96;   15.4;   54.96;   22.5;    6.1;    4.4;eor
       3379;20230423;    1;  14.2;   2.3;    1;  10.1;   6;    2.500;   0;   7.6;  11.6;  948.79;   13.5;   75.33;   17.7;    9.9;    9.3;eor
       3379;20230424;    1;  15.1;   4.1;    1;   2.4;   6;    4.183;   0;   6.6;   8.6;  948.48;   10.1;   69.92;   13.2;    7.2;    5.4;eor
       3379;20230425;    1;  11.9;   3.3;    1;   5.8;   6;    2.267;   0;   7.5;   7.8;  950.88;    7.1;   78.04;   12.2;    5.1;    4.6;eor
       3379;20230426;    1;   7.6;   2.1;    1;   0.1;   6;    3.817;   0;   7.7;   7.2;  955.41;    7.6;   70.25;   12.0;    4.2;    4.0;eor
       3379;20230427;    1;   5.4;   1.7;    1;   0.2;   6;    4.450;   0;   7.3;   7.9;  956.59;   10.5;   63.33;   15.7;    4.3;    2.6;eor
       3379;20230428;    1;   9.0;   2.6;    1;  29.4;   6;    0.000;   0;   7.5;  11.7;  953.84;   11.2;   87.17;   14.5;    8.8;    7.8;eor
       3379;20230429;    1;  10.9;   3.5;    1;   0.0;   0;    8.350;   0;   6.8;  11.5;  954.45;   13.7;   74.29;   18.5;   10.3;    9.3;eor
       3379;20230430;    1;   9.9;   3.3;    1;   0.0;   0;    5.300;   0;   7.4;   9.4;  957.05;   12.3;   66.54;   16.8;    8.9;    7.9;eor
       3379;20230501;    1;   6.7;   2.1;    1;   7.7;   6;    0.867;   0;   7.8;  10.1;  954.02;    9.8;   82.50;   13.0;    6.0;    4.8;eor
       3379;20230502;    1;   8.7;   2.1;    1;   2.6;   6;    0.817;   0;   6.9;  10.6;  959.65;   10.1;   85.75;   14.1;    5.9;    4.8;eor
       3379;20230503;    1;   7.9;   2.1;    1;   0.0;   4;    6.783;   0;   3.8;  10.0;  962.13;   10.6;   80.54;   17.6;    5.4;    4.1;eor
       3379;20230504;    1;   8.5;   2.9;    1;   0.0;   0;   13.317;   0;   4.8;   9.4;  958.84;   13.6;   63.67;   20.6;    6.0;    4.5;eor
       3379;20230505;    1;  15.4;   2.1;    1;  13.9;   6;    8.517;   0;   6.2;  11.9;  956.37;   16.0;   68.04;   23.5;    7.8;    6.4;eor
       3379;20230506;    1;   6.9;   1.7;    1;   0.0;   0;    5.083;   0;   7.7;  12.7;  956.24;   14.8;   77.13;   20.4;   11.2;   10.0;eor
       3379;20230507;    1;   7.6;   2.3;    1;   0.0;   6;    9.767;   0;   7.1;  12.7;  955.73;   16.9;   68.54;   22.6;   10.4;    9.6;eor
       3379;20230508;    1;   6.8;   2.4;    1;   0.0;   6;    4.100;   0;   7.6;  11.2;  959.70;   13.8;   71.33;   16.8;   10.8;    8.8;eor
       3379;20230509;    1;   9.5;   2.7;    1;   7.7;   6;   11.133;   0;   5.6;  11.0;  954.10;   14.8;   66.38;   21.2;    7.5;    6.4;eor
       3379;20230510;    1;  11.2;   3.1;    1;  20.3;   6;    0.917;   0;   7.8;  12.4;  952.12;   11.9;   88.92;   15.9;    8.8;    8.6;eor
       3379;20230511;    1;   7.1;   2.2;    1;  18.2;   6;    0.000;   0;   7.5;  10.8;  952.97;    9.0;   93.58;   10.1;    7.9;    7.8;eor
       3379;20230512;    1;   8.8;   2.2;    1;   0.0;   6;    0.000;   0;   7.9;  10.9;  953.23;   10.7;   84.67;   13.2;    8.8;    8.8;eor
       3379;20230513;    1;   7.1;   2.4;    1;   0.1;   6;    0.583;   0;   7.9;  10.9;  955.35;   10.9;   83.38;   14.0;    8.6;    8.7;eor
       3379;20230514;    1;  11.8;   2.3;    1;   0.0;   6;    2.967;   0;   7.8;  10.9;  952.84;   11.3;   82.67;   17.0;    9.2;    9.1;eor
       3379;20230515;    1;   7.4;   2.4;    1;   0.6;   6;    2.383;   0;   7.0;  11.2;  950.95;   11.8;   81.79;   17.1;    9.4;    8.9;eor
       3379;20230516;    1;  10.6;   2.4;    1;  12.1;   6;    0.000;   0;   7.7;  11.0;  952.61;   10.2;   88.63;   13.2;    8.2;    7.2;eor
       3379;20230517;    1;   8.3;   2.9;    1;   0.0;   0;    5.700;   0;   8.0;   7.6;  959.73;    9.8;   63.17;   14.3;    6.2;    5.0;eor
       3379;20230518;    1;  11.0;   3.5;    1;   0.0;   0;    5.600;   0;   5.8;   8.5;  960.50;   10.0;   70.13;   14.6;    4.5;    3.6;eor
       3379;20230519;    1;   8.0;   3.2;    1;   0.0;   0;    2.967;   0;   7.8;  10.2;  958.40;   12.0;   72.67;   15.4;    8.1;    8.1;eor
       3379;20230520;    1;  10.9;   3.0;    1;   0.0;   0;    5.283;   0;   7.3;  12.8;  953.86;   16.4;   70.21;   23.3;   11.0;   10.8;eor
       3379;20230521;    1;   9.9;   2.9;    1;   0.0;   0;   10.200;   0;   6.7;  11.8;  951.61;   19.4;   54.42;   27.3;   13.1;   11.3;eor
       3379;20230522;    1;   9.6;   2.0;    1;   0.0;   0;   13.950;   0;   3.0;  13.7;  952.16;   19.2;   64.38;   26.1;   10.6;    9.6;eor
       3379;20230523;    1;  10.2;   3.3;    1;   0.0;   0;    4.500;   0;   6.6;  13.8;  954.85;   17.4;   69.46;   21.8;   12.5;   11.7;eor
       3379;20230524;    1;   6.9;   2.4;    1;   0.2;   6;    1.967;   0;   7.8;  10.2;  957.71;   12.9;   69.29;   15.9;   10.9;   10.9;eor
       3379;20230525;    1;   8.1;   2.7;    1;   0.0;   0;    4.533;   0;   6.1;  12.2;  959.72;   15.3;   70.33;   21.2;   10.6;    9.7;eor
       3379;20230526;    1;   8.5;   2.3;    1;   0.0;   0;   11.867;   0;   2.9;  12.2;  961.31;   17.4;   62.88;   23.5;   10.1;    9.3;eor
       3379;20230527;    1;   9.8;   3.5;    1;   0.0;   0;   14.417;   0;   0.5;  10.2;  960.09;   17.0;   54.29;   22.5;   11.2;   10.0;eor
       3379;20230528;    1;   8.8;   2.7;    1;   0.0;   0;   14.650;   0;   0.2;   9.0;  956.25;   16.5;   50.42;   22.9;    9.4;    8.2;eor
       3379;20230529;    1;   9.5;   2.5;    1;   0.0;   0;   14.667;   0;   0.9;  10.3;  956.52;   17.5;   53.96;   24.2;    8.9;    8.1;eor
       3379;20230530;    1;  10.8;   3.2;    1;   0.0;   0;   12.683;   0;   4.1;  10.1;  958.15;   17.9;   50.38;   23.6;   12.1;   11.3;eor
       3379;20230531;    1;  11.7;   3.8;    1;   0.0;   0;   14.950;   0;   0.0;   9.7;  958.00;   18.1;   47.58;   23.7;   10.8;    9.6;eor
       3379;20230601;    1;   7.7;   2.3;    1;   0.0;   0;   12.750;   0;   5.1;  11.4;  955.49;   19.2;   52.92;   25.5;   12.2;   11.0;eor
       3379;20230602;    1;   8.9;   2.8;    1;   0.0;   0;   15.117;   0;   3.6;  10.9;  954.17;   19.1;   51.63;   25.7;   12.7;   11.4;eor
       3379;20230603;    1;   9.8;   3.4;    1;   0.0;   0;   13.467;   0;   0.9;  11.1;  955.48;   17.4;   56.75;   23.5;   11.8;   10.7;eor
       3379;20230604;    1;   7.9;   2.7;    1;   0.0;   0;   12.650;   0;   4.0;   9.8;  956.52;   18.0;   49.21;   24.1;    9.9;    9.0;eor
       3379;20230605;    1;   9.1;   2.7;    1;   0.0;   0;    6.967;   0;   6.8;  13.6;  955.66;   18.1;   66.29;   23.1;   13.4;   12.5;eor
       3379;20230606;    1;   8.9;   2.5;    1;   0.0;   0;    7.717;   0;   4.5;  12.5;  956.06;   16.9;   66.29;   23.0;   12.5;   11.6;eor
       3379;20230607;    1;   7.2;   1.7;    1;   0.0;   0;   14.167;   0;   0.7;  11.7;  955.70;   18.3;   58.92;   25.7;   11.3;   10.1;eor
       3379;20230608;    1;  11.3;   2.1;    1;   7.1;   6;   11.100;   0;   4.3;  12.8;  953.46;   18.5;   61.96;   26.2;   11.3;   10.4;eor
       3379;20230609;    1;   8.6;   2.6;    1;   0.0;   0;   13.500;   0;   1.9;  13.0;  952.65;   20.0;   58.21;   26.0;   13.1;   12.1;eor
       3379;20230610;    1;   9.9;   3.1;    1;   0.0;   0;   11.333;   0;   2.3;  14.2;  953.06;   19.5;   64.29;   25.3;   13.0;   12.1;eor
       3379;20230611;    1;  11.2;   3.4;    1;   0.0;   0;   14.333;   0;   0.9;  13.2;  955.15;   20.1;   59.25;   26.0;   13.8;   13.1;eor
       3379;20230612;    1;  12.4;   4.0;    1;   0.0;   0;   15.350;   0;   0.0;  11.0;  954.12;   19.6;   50.25;   25.3;   14.2;   12.7;eor
       3379;20230613;    1;  12.2;   3.9;    1;   0.0;   0;   15.517;   0;   0.0;   7.7;  951.70;   17.7;   40.42;   24.0;   11.8;   10.5;eor
